actionId,actionNumber,clock,period,teamId,teamTricode,personId,playerName,playerNameI,xLegacy,yLegacy,shotDistance,shotResult,isFieldGoal,scoreHome,scoreAway,pointsTotal,location,description,actionType,subType,videoAvailable,shotValue
1,2,PT12M00.00S,1,0,,0,,,0,0,0,,0,0,0,0,,Start of 1st Period (2:47 PM EST),period,start,0,0
2,4,PT12M00.00S,1,1610612755,PHI,203954,Embiid,J. Embiid,0,0,0,,0,,,0,h,Jump Ball Embiid vs. Allen: Tip to Carroll,Jump Ball,,1,0
3,7,PT11M39.00S,1,1610612751,BKN,1626156,Russell,D. Russell,-95,36,10,Missed,1,,,0,v,MISS Russell 10' Fadeaway Jumper,Missed Shot,Fadeaway Jump Shot,1,0
4,8,PT11M37.00S,1,1610612755,PHI,1627732,Simmons,B. Simmons,0,0,0,,0,,,0,h,B. Simmons REBOUND (Off:0 Def:1),Rebound,Unknown,1,0
5,9,PT11M30.00S,1,1610612755,PHI,203954,Embiid,J. Embiid,-52,122,13,Missed,1,,,0,h,MISS Embiid 13' Jump Shot,Missed Shot,Jump Shot,1,0
6,10,PT11M26.00S,1,1610612755,PHI,1627732,Simmons,B. Simmons,0,0,0,,0,,,0,h,B. Simmons REBOUND (Off:1 Def:1),Rebound,Unknown,1,0
7,11,PT11M26.00S,1,1610612751,BKN,1628386,Allen,J. Allen,0,0,0,,0,,,0,v,Allen S.FOUL (P1.T1) (S.Foster),Foul,Shooting,1,0
8,13,PT11M26.00S,1,1610612755,PHI,203954,Embiid,J. Embiid,0,0,0,,0,1,0,1,h,Embiid Free Throw 1 of 2 (1 PTS),Free Throw,Free Throw 1 of 2,0,0
9,14,PT11M26.00S,1,1610612755,PHI,203954,Embiid,J. Embiid,0,0,0,,0,2,0,2,h,Embiid Free Throw 2 of 2 (2 PTS),Free Throw,Free Throw 2 of 2,0,0
10,15,PT11M15.00S,1,1610612751,BKN,201960,Carroll,D. Carroll,34,74,8,Missed,1,,,0,v,MISS Carroll 8' Driving Floating Jump Shot,Missed Shot,Driving Floating Jump Shot,1,0
11,16,PT11M10.00S,1,1610612755,PHI,203954,Embiid,J. Embiid,0,0,0,,0,,,0,h,Embiid REBOUND (Off:0 Def:1),Rebound,Unknown,1,0
12,17,PT11M07.00S,1,1610612751,BKN,1628386,Allen,J. Allen,0,0,0,,0,,,0,v,Allen S.FOUL (P2.T2) (T.Ford),Foul,Shooting,1,0
13,19,PT11M07.00S,1,1610612755,PHI,203954,Embiid,J. Embiid,0,0,0,,0,3,0,3,h,Embiid Free Throw 1 of 2 (3 PTS),Free Throw,Free Throw 1 of 2,0,0
14,20,PT11M07.00S,1,1610612755,PHI,203954,Embiid,J. Embiid,0,0,0,,0,4,0,4,h,Embiid Free Throw 2 of 2 (4 PTS),Free Throw,Free Throw 2 of 2,0,0
15,21,PT10M59.00S,1,1610612751,BKN,203925,Harris,J. Harris,11,268,27,Missed,1,,,0,v,MISS Harris 27' 3PT Pullup Jump Shot,Missed Shot,Pullup Jump shot,1,0
16,22,PT10M59.00S,1,1610612755,PHI,202699,Harris,T. Harris,0,0,0,,0,,,0,h,Harris REBOUND (Off:0 Def:1),Rebound,Unknown,1,0
17,23,PT10M41.00S,1,1610612755,PHI,200755,Redick,J. Redick,234,20,0,Missed,1,,,0,h,MISS Redick 3PT Jump Shot,Missed Shot,Jump Shot,1,0
18,24,PT10M38.00S,1,1610612751,BKN,201960,Carroll,D. Carroll,0,0,0,,0,,,0,v,Carroll REBOUND (Off:0 Def:1),Rebound,Unknown,1,0
19,25,PT10M27.00S,1,1610612751,BKN,203925,Harris,J. Harris,164,211,27,Made,1,4,3,7,v,Harris 27' 3PT Jump Shot (3 PTS) (Russell 1 AST),Made Shot,Jump Shot,1,0
20,27,PT10M15.00S,1,1610612755,PHI,203954,Embiid,J. Embiid,41,256,26,Missed,1,,,0,h,MISS Embiid 26' 3PT Jump Shot,Missed Shot,Jump Shot,1,0
21,28,PT10M09.00S,1,1610612751,BKN,203925,Harris,J. Harris,0,0,0,,0,,,0,v,Harris REBOUND (Off:0 Def:1),Rebound,Unknown,1,0
22,29,PT10M00.00S,1,1610612751,BKN,201960,Carroll,D. Carroll,-233,52,24,Missed,1,,,0,v,MISS Carroll 24' 3PT Jump Shot,Missed Shot,Jump Shot,1,0
23,30,PT09M57.00S,1,1610612755,PHI,1627732,Simmons,B. Simmons,0,0,0,,0,,,0,h,B. Simmons REBOUND (Off:1 Def:2),Rebound,Unknown,1,0
24,31,PT09M49.00S,1,1610612755,PHI,1627732,Simmons,B. Simmons,3,17,2,Missed,1,,,0,h,MISS B. Simmons 2' Driving Finger Roll Layup,Missed Shot,Driving Finger Roll Layup Shot,1,0
25,32,PT09M45.00S,1,1610612755,PHI,1627732,Simmons,B. Simmons,0,0,0,,0,,,0,h,B. Simmons REBOUND (Off:2 Def:2),Rebound,Unknown,1,0
26,33,PT09M45.00S,1,1610612755,PHI,1627732,Simmons,B. Simmons,0,-6,1,Made,1,6,3,9,h,B. Simmons 1' Tip Layup Shot (2 PTS),Made Shot,Tip Layup Shot,1,0
27,34,PT09M37.00S,1,1610612755,PHI,1627732,Simmons,B. Simmons,0,0,0,,0,,,0,h,B. Simmons S.FOUL (P1.T1) (J.Phillips),Foul,Shooting,1,0
28,36,PT09M37.00S,1,1610612751,BKN,1626156,Russell,D. Russell,0,0,0,,0,6,4,10,v,Russell Free Throw 1 of 2 (1 PTS),Free Throw,Free Throw 1 of 2,0,0
29,37,PT09M37.00S,1,1610612751,BKN,1626156,Russell,D. Russell,0,0,0,,0,6,5,11,v,Russell Free Throw 2 of 2 (2 PTS),Free Throw,Free Throw 2 of 2,0,0
30,38,PT09M28.00S,1,1610612755,PHI,203954,Embiid,J. Embiid,-7,8,1,Made,1,8,5,13,h,Embiid 1' Layup (6 PTS) (B. Simmons 1 AST),Made Shot,Layup Shot,1,0
31,42,PT09M28.00S,1,1610612751,BKN,201960,Carroll,D. Carroll,0,0,0,,0,,,0,v,Carroll S.FOUL (P1.T3) (T.Ford),Foul,Shooting,1,0
32,44,PT09M28.00S,1,1610612755,PHI,203954,Embiid,J. Embiid,0,0,0,,0,9,5,14,h,Embiid Free Throw 1 of 1 (7 PTS),Free Throw,Free Throw 1 of 1,0,0
33,45,PT09M15.00S,1,1610612751,BKN,1626156,Russell,D. Russell,-44,100,11,Missed,1,,,0,v,MISS Russell 11' Fadeaway Jumper,Missed Shot,Fadeaway Jump Shot,1,0
34,46,PT09M12.00S,1,1610612755,PHI,203954,Embiid,J. Embiid,0,0,0,,0,,,0,h,Embiid REBOUND (Off:0 Def:2),Rebound,Unknown,1,0
35,47,PT09M08.00S,1,1610612755,PHI,202699,Harris,T. Harris,31,47,6,Missed,1,,,0,h,MISS Harris 6' Dunk,Missed Shot,Dunk Shot,1,0
36,47,PT09M08.00S,1,1610612751,BKN,1628386,Allen,J. Allen,0,0,0,,0,,,0,v,Allen BLOCK (1 BLK),,,1,0
37,48,PT09M05.00S,1,1610612751,BKN,201960,Carroll,D. Carroll,0,0,0,,0,,,0,v,Carroll REBOUND (Off:0 Def:2),Rebound,Unknown,1,0
38,49,PT08M59.00S,1,1610612751,BKN,1626156,Russell,D. Russell,3,14,1,Missed,1,,,0,v,MISS Russell 1' Driving Layup,Missed Shot,Driving Layup Shot,1,0
39,50,PT08M59.00S,1,1610612751,BKN,1628386,Allen,J. Allen,0,0,0,,0,,,0,v,Allen REBOUND (Off:1 Def:0),Rebound,Unknown,1,0
40,74,PT08M59.00S,1,1610612751,BKN,1628386,Allen,J. Allen,0,0,0,,0,,,0,v,Allen Offensive Goaltending Turnover (P1.T1),Turnover,Offensive Goaltending,1,0
41,54,PT08M47.00S,1,1610612751,BKN,1626156,Russell,D. Russell,0,0,0,,0,,,0,v,Russell S.FOUL (P1.T4) (S.Foster),Foul,Shooting,1,0
42,56,PT08M47.00S,1,1610612755,PHI,203954,Embiid,J. Embiid,0,0,0,,0,,,0,h,MISS Embiid Free Throw 1 of 2,Free Throw,Free Throw 1 of 2,0,0
43,57,PT08M47.00S,1,0,,1610612755,,,0,0,0,,0,,,0,h,76ERS Rebound,Rebound,Normal Rebound,0,0
44,58,PT08M47.00S,1,1610612755,PHI,203954,Embiid,J. Embiid,0,0,0,,0,10,5,15,h,Embiid Free Throw 2 of 2 (8 PTS),Free Throw,Free Throw 2 of 2,0,0
45,59,PT08M35.00S,1,1610612751,BKN,1628386,Allen,J. Allen,28,20,3,Made,1,10,7,17,v,Allen 3' Cutting Layup Shot (2 PTS) (Russell 2 AST),Made Shot,Cutting Layup Shot,1,0
46,61,PT08M27.00S,1,1610612755,PHI,200755,Redick,J. Redick,0,0,0,,0,,,0,h,Redick OFF.Foul (P1) (J.Phillips),Foul,Offensive,1,0
47,63,PT08M27.00S,1,1610612755,PHI,200755,Redick,J. Redick,0,0,0,,0,,,0,h,Redick Offensive Foul Turnover (P1.T1),Turnover,Offensive Foul Turnover,1,0
48,64,PT08M17.00S,1,1610612751,BKN,1628386,Allen,J. Allen,-26,22,3,Missed,1,,,0,v,MISS Allen 3' Reverse Layup,Missed Shot,Reverse Layup Shot,1,0
49,64,PT08M17.00S,1,1610612755,PHI,1627732,Simmons,B. Simmons,0,0,0,,0,,,0,h,B. Simmons BLOCK (1 BLK),,,1,0
50,65,PT08M15.00S,1,1610612755,PHI,202699,Harris,T. Harris,0,0,0,,0,,,0,h,Harris REBOUND (Off:0 Def:2),Rebound,Unknown,1,0
51,66,PT08M02.00S,1,1610612755,PHI,200755,Redick,J. Redick,0,0,0,,0,,,0,h,Redick Bad Pass Turnover (P2.T2),Turnover,Bad Pass,1,0
52,66,PT08M02.00S,1,1610612751,BKN,1629066,Kurucs,R. Kurucs,0,0,0,,0,,,0,v,Kurucs STEAL (1 STL),,,1,0
53,68,PT07M56.00S,1,1610612751,BKN,1626156,Russell,D. Russell,-78,250,26,Missed,1,,,0,v,MISS Russell 26' 3PT Jump Shot,Missed Shot,Jump Shot,1,0
54,69,PT07M52.00S,1,1610612751,BKN,201960,Carroll,D. Carroll,0,0,0,,0,,,0,v,Carroll REBOUND (Off:1 Def:2),Rebound,Unknown,1,0
55,70,PT07M43.00S,1,1610612751,BKN,1626156,Russell,D. Russell,126,120,17,Missed,1,,,0,v,MISS Russell 17' Jump Shot,Missed Shot,Jump Shot,1,0
56,71,PT07M40.00S,1,1610612755,PHI,202699,Harris,T. Harris,0,0,0,,0,,,0,h,Harris REBOUND (Off:0 Def:3),Rebound,Unknown,1,0
57,72,PT07M34.00S,1,0,,1610612755,,,0,0,0,,0,,,0,h,76ERS Timeout: Regular (Full 1 Short 0),Timeout,Regular,0,0
58,75,PT07M34.00S,1,1610612755,PHI,203954,Embiid,J. Embiid,0,0,0,,0,,,0,h,SUB: Marjanovic FOR Embiid,Substitution,,0,0
59,77,PT07M26.00S,1,1610612755,PHI,202710,Butler,J. Butler,124,36,13,Missed,1,,,0,h,MISS Butler 13' Driving Floating Jump Shot,Missed Shot,Driving Floating Jump Shot,1,0
60,78,PT07M24.00S,1,1610612755,PHI,202710,Butler,J. Butler,0,0,0,,0,,,0,h,Butler REBOUND (Off:1 Def:0),Rebound,Unknown,1,0
61,79,PT07M18.00S,1,1610612755,PHI,202699,Harris,T. Harris,230,26,0,Missed,1,,,0,h,MISS Harris 3PT Jump Shot,Missed Shot,Jump Shot,1,0
62,80,PT07M16.00S,1,1610612751,BKN,1626156,Russell,D. Russell,0,0,0,,0,,,0,v,Russell REBOUND (Off:0 Def:1),Rebound,Unknown,1,0
63,81,PT07M12.00S,1,1610612755,PHI,1627732,Simmons,B. Simmons,0,0,0,,0,,,0,h,B. Simmons S.FOUL (P2.T2) (T.Ford),Foul,Shooting,1,0
64,83,PT07M12.00S,1,1610612751,BKN,201960,Carroll,D. Carroll,0,0,0,,0,10,8,18,v,Carroll Free Throw 1 of 2 (1 PTS),Free Throw,Free Throw 1 of 2,0,0
65,84,PT07M12.00S,1,1610612751,BKN,1629066,Kurucs,R. Kurucs,0,0,0,,0,,,0,v,SUB: Dudley FOR Kurucs,Substitution,,0,0
66,86,PT07M12.00S,1,1610612751,BKN,201960,Carroll,D. Carroll,0,0,0,,0,10,9,19,v,Carroll Free Throw 2 of 2 (2 PTS),Free Throw,Free Throw 2 of 2,0,0
67,87,PT06M56.00S,1,1610612755,PHI,1626246,Marjanovic,B. Marjanovic,9,6,1,Missed,1,,,0,h,MISS Marjanovic 1' Layup,Missed Shot,Layup Shot,1,0
68,88,PT06M56.00S,1,0,,1610612755,,,0,0,0,,0,,,0,h,76ERS Rebound,Rebound,Unknown,0,0
69,89,PT06M56.00S,1,1610612751,BKN,201162,Dudley,J. Dudley,0,0,0,,0,,,0,v,Dudley L.B.FOUL (P1.PN) (S.Foster),Foul,Loose Ball,1,0
70,91,PT06M56.00S,1,1610612755,PHI,1626246,Marjanovic,B. Marjanovic,0,0,0,,0,11,9,20,h,Marjanovic Free Throw 1 of 2 (1 PTS),Free Throw,Free Throw 1 of 2,0,0
71,92,PT06M56.00S,1,1610612751,BKN,201960,Carroll,D. Carroll,0,0,0,,0,,,0,v,SUB: Dinwiddie FOR Carroll,Substitution,,0,0
72,94,PT06M56.00S,1,1610612755,PHI,1626246,Marjanovic,B. Marjanovic,0,0,0,,0,,,0,h,MISS Marjanovic Free Throw 2 of 2,Free Throw,Free Throw 2 of 2,0,0
73,95,PT06M54.00S,1,1610612751,BKN,1628386,Allen,J. Allen,0,0,0,,0,,,0,v,Allen REBOUND (Off:1 Def:1),Rebound,Unknown,1,0
74,96,PT06M45.00S,1,1610612751,BKN,203925,Harris,J. Harris,172,189,26,Made,1,11,12,23,v,Harris 26' 3PT Jump Shot (6 PTS) (Russell 3 AST),Made Shot,Jump Shot,1,0
75,98,PT06M34.00S,1,1610612755,PHI,200755,Redick,J. Redick,0,0,0,,0,,,0,h,Redick Lost Ball Turnover (P3.T3),Turnover,Lost Ball,1,0
76,98,PT06M34.00S,1,1610612751,BKN,1626156,Russell,D. Russell,0,0,0,,0,,,0,v,Russell STEAL (1 STL),,,1,0
77,100,PT06M29.00S,1,1610612751,BKN,1626156,Russell,D. Russell,-27,43,5,Missed,1,,,0,v,MISS Russell 5' Driving Layup,Missed Shot,Driving Layup Shot,1,0
78,100,PT06M29.00S,1,1610612755,PHI,202710,Butler,J. Butler,0,0,0,,0,,,0,h,Butler BLOCK (1 BLK),,,1,0
79,102,PT06M26.00S,1,1610612751,BKN,1628386,Allen,J. Allen,0,0,0,,0,,,0,v,Allen REBOUND (Off:2 Def:1),Rebound,Unknown,1,0
80,103,PT06M21.00S,1,1610612751,BKN,1626156,Russell,D. Russell,0,0,0,,0,,,0,v,Russell Out of Bounds - Bad Pass Turnover Turnover (P1.T2),Turnover,Out of Bounds - Bad Pass Turnover,1,0
81,104,PT06M21.00S,1,1610612755,PHI,200755,Redick,J. Redick,0,0,0,,0,,,0,h,SUB: McConnell FOR Redick,Substitution,,0,0
82,105,PT06M21.00S,1,1610612755,PHI,1627732,Simmons,B. Simmons,0,0,0,,0,,,0,h,SUB: Scott FOR B. Simmons,Substitution,,0,0
83,108,PT06M07.00S,1,1610612755,PHI,204456,McConnell,T. McConnell,60,-6,6,Missed,1,,,0,h,MISS McConnell 6' Turnaround Jump Shot,Missed Shot,Turnaround Jump Shot,1,0
84,109,PT06M05.00S,1,1610612751,BKN,1628386,Allen,J. Allen,0,0,0,,0,,,0,v,Allen REBOUND (Off:2 Def:2),Rebound,Unknown,1,0
85,110,PT05M55.00S,1,1610612755,PHI,202710,Butler,J. Butler,0,0,0,,0,,,0,h,Butler P.FOUL (P1.T3) (T.Ford),Foul,Personal,1,0
86,113,PT05M41.00S,1,1610612751,BKN,1626156,Russell,D. Russell,0,0,0,,0,,,0,v,Russell Bad Pass Turnover (P2.T3),Turnover,Bad Pass,1,0
87,113,PT05M41.00S,1,1610612755,PHI,1626246,Marjanovic,B. Marjanovic,0,0,0,,0,,,0,h,Marjanovic STEAL (1 STL),,,1,0
88,115,PT05M20.00S,1,1610612755,PHI,204456,McConnell,T. McConnell,-11,7,1,Made,1,13,12,25,h,McConnell 1' Driving Layup (2 PTS) (Harris 1 AST),Made Shot,Driving Layup Shot,1,0
89,117,PT05M09.00S,1,1610612751,BKN,203925,Harris,J. Harris,-26,248,25,Made,1,13,15,28,v,Harris 25' 3PT Pullup Jump Shot (9 PTS) (Russell 4 AST),Made Shot,Pullup Jump shot,1,0
90,119,PT04M53.00S,1,1610612755,PHI,202710,Butler,J. Butler,-60,106,12,Made,1,15,15,30,h,Butler 12' Pullup Jump Shot (2 PTS),Made Shot,Pullup Jump shot,1,0
91,120,PT04M38.00S,1,1610612751,BKN,203925,Harris,J. Harris,0,0,0,,0,,,0,v,Harris Out of Bounds - Bad Pass Turnover Turnover (P1.T4),Turnover,Out of Bounds - Bad Pass Turnover,1,0
92,121,PT04M38.00S,1,1610612751,BKN,1626156,Russell,D. Russell,0,0,0,,0,,,0,v,SUB: LeVert FOR Russell,Substitution,,0,0
93,123,PT04M30.00S,1,1610612751,BKN,1628386,Allen,J. Allen,0,0,0,,0,,,0,v,Allen S.FOUL (P3.PN) (T.Ford),Foul,Shooting,1,0
94,125,PT04M30.00S,1,1610612755,PHI,202710,Butler,J. Butler,0,0,0,,0,16,15,31,h,Butler Free Throw 1 of 2 (3 PTS),Free Throw,Free Throw 1 of 2,0,0
95,126,PT04M30.00S,1,1610612751,BKN,203925,Harris,J. Harris,0,0,0,,0,,,0,v,SUB: Davis FOR Harris,Substitution,,0,0
96,127,PT04M30.00S,1,1610612751,BKN,1628386,Allen,J. Allen,0,0,0,,0,,,0,v,SUB: Carroll FOR Allen,Substitution,,0,0
97,130,PT04M30.00S,1,1610612755,PHI,202710,Butler,J. Butler,0,0,0,,0,17,15,32,h,Butler Free Throw 2 of 2 (4 PTS),Free Throw,Free Throw 2 of 2,0,0
98,131,PT04M11.00S,1,1610612755,PHI,204456,McConnell,T. McConnell,0,0,0,,0,,,0,h,McConnell S.FOUL (P1.T4) (T.Ford),Foul,Shooting,1,0
99,133,PT04M11.00S,1,1610612751,BKN,203915,Dinwiddie,S. Dinwiddie,0,0,0,,0,17,16,33,v,Dinwiddie Free Throw 1 of 2 (1 PTS),Free Throw,Free Throw 1 of 2,0,0
100,134,PT04M11.00S,1,1610612751,BKN,203915,Dinwiddie,S. Dinwiddie,0,0,0,,0,17,17,34,v,Dinwiddie Free Throw 2 of 2 (2 PTS),Free Throw,Free Throw 2 of 2,0,0
101,135,PT04M02.00S,1,1610612755,PHI,1626246,Marjanovic,B. Marjanovic,74,153,17,Made,1,19,17,36,h,Marjanovic 17' Jump Shot (3 PTS) (McConnell 1 AST),Made Shot,Jump Shot,1,0
102,137,PT03M39.00S,1,1610612751,BKN,1627747,LeVert,C. LeVert,3,48,5,Missed,1,,,0,v,MISS LeVert 5' Driving Floating Jump Shot,Missed Shot,Driving Floating Jump Shot,1,0
103,138,PT03M39.00S,1,0,,1610612755,,,0,0,0,,0,,,0,h,76ERS Rebound,Rebound,Unknown,0,0
104,142,PT03M39.00S,1,1610612751,BKN,202334,Davis,E. Davis,0,0,0,,0,,,0,v,Davis L.B.FOUL (P1.PN) (T.Ford),Foul,Loose Ball,1,0
105,144,PT03M39.00S,1,1610612755,PHI,202710,Butler,J. Butler,0,0,0,,0,,,0,h,MISS Butler Free Throw 1 of 2,Free Throw,Free Throw 1 of 2,0,0
106,145,PT03M39.00S,1,0,,1610612755,,,0,0,0,,0,,,0,h,76ERS Rebound,Rebound,Normal Rebound,0,0
107,146,PT03M39.00S,1,1610612755,PHI,202710,Butler,J. Butler,0,0,0,,0,20,17,37,h,Butler Free Throw 2 of 2 (5 PTS),Free Throw,Free Throw 2 of 2,0,0
108,147,PT03M20.00S,1,1610612751,BKN,202334,Davis,E. Davis,-5,8,1,Made,1,20,19,39,v,Davis 1' Layup (2 PTS) (Dudley 1 AST),Made Shot,Layup Shot,1,0
109,149,PT03M03.00S,1,1610612755,PHI,202699,Harris,T. Harris,-45,117,13,Missed,1,,,0,h,MISS Harris 13' Pullup Jump Shot,Missed Shot,Pullup Jump shot,1,0
110,150,PT02M58.00S,1,1610612751,BKN,202334,Davis,E. Davis,0,0,0,,0,,,0,v,Davis REBOUND (Off:0 Def:1),Rebound,Unknown,1,0
111,151,PT02M52.00S,1,1610612751,BKN,203915,Dinwiddie,S. Dinwiddie,32,93,10,Missed,1,,,0,v,MISS Dinwiddie 10' Driving Floating Jump Shot,Missed Shot,Driving Floating Jump Shot,1,0
112,152,PT02M52.00S,1,1610612755,PHI,1626246,Marjanovic,B. Marjanovic,0,0,0,,0,,,0,h,Marjanovic REBOUND (Off:0 Def:1),Rebound,Unknown,1,0
113,153,PT02M38.00S,1,1610612755,PHI,1626246,Marjanovic,B. Marjanovic,11,-4,1,Made,1,22,19,41,h,Marjanovic 1' Layup (5 PTS) (Harris 2 AST),Made Shot,Layup Shot,1,0
114,155,PT02M38.00S,1,0,,1610612751,,,0,0,0,,0,,,0,v,Nets Timeout: Regular (Reg.1 Short 0),Timeout,Regular,0,0
115,156,PT02M38.00S,1,1610612755,PHI,204456,McConnell,T. McConnell,0,0,0,,0,,,0,h,SUB: J. Simmons FOR McConnell,Substitution,,0,0
116,157,PT02M38.00S,1,1610612755,PHI,202710,Butler,J. Butler,0,0,0,,0,,,0,h,SUB: B. Simmons FOR Butler,Substitution,,0,0
117,158,PT02M38.00S,1,1610612755,PHI,202699,Harris,T. Harris,0,0,0,,0,,,0,h,SUB: Redick FOR Harris,Substitution,,0,0
118,162,PT02M28.00S,1,1610612755,PHI,203613,Simmons,J. Simmons,0,0,0,,0,,,0,h,J. Simmons S.FOUL (P1.PN) (J.Phillips),Foul,Shooting,1,0
119,164,PT02M28.00S,1,1610612751,BKN,1627747,LeVert,C. LeVert,0,0,0,,0,22,20,42,v,LeVert Free Throw 1 of 2 (1 PTS),Free Throw,Free Throw 1 of 2,0,0
120,165,PT02M28.00S,1,1610612751,BKN,1627747,LeVert,C. LeVert,0,0,0,,0,22,21,43,v,LeVert Free Throw 2 of 2 (2 PTS),Free Throw,Free Throw 2 of 2,0,0
121,166,PT02M18.00S,1,1610612755,PHI,200755,Redick,J. Redick,86,86,12,Missed,1,,,0,h,MISS Redick 12' Jump Shot,Missed Shot,Jump Shot,1,0
122,167,PT02M17.00S,1,0,,1610612751,,,0,0,0,,0,,,0,v,Nets Rebound,Rebound,Unknown,0,0
123,168,PT02M17.00S,1,1610612755,PHI,1626246,Marjanovic,B. Marjanovic,0,0,0,,0,,,0,h,SUB: Embiid FOR Marjanovic,Substitution,,0,0
124,170,PT01M58.00S,1,1610612751,BKN,201960,Carroll,D. Carroll,55,37,7,Made,1,22,23,45,v,Carroll 7' Driving Floating Bank Jump Shot (4 PTS) (LeVert 1 AST),Made Shot,Driving Floating Bank Jump Shot,1,0
125,172,PT01M40.00S,1,1610612755,PHI,203118,Scott,M. Scott,238,23,24,Missed,1,,,0,h,MISS Scott 24' 3PT Jump Shot,Missed Shot,Jump Shot,1,0
126,173,PT01M37.00S,1,1610612755,PHI,203954,Embiid,J. Embiid,0,0,0,,0,,,0,h,Embiid REBOUND (Off:1 Def:2),Rebound,Unknown,1,0
127,174,PT01M27.00S,1,1610612755,PHI,203954,Embiid,J. Embiid,0,0,0,,0,,,0,h,Embiid Lost Ball Turnover (P1.T4),Turnover,Lost Ball,1,0
128,174,PT01M27.00S,1,1610612751,BKN,201960,Carroll,D. Carroll,0,0,0,,0,,,0,v,Carroll STEAL (1 STL),,,1,0
129,176,PT01M23.00S,1,1610612751,BKN,201960,Carroll,D. Carroll,16,17,2,Made,1,22,25,47,v,Carroll 2' Layup (6 PTS) (Dinwiddie 1 AST),Made Shot,Layup Shot,1,0
130,178,PT01M16.00S,1,1610612755,PHI,1627732,Simmons,B. Simmons,-12,13,2,Missed,1,,,0,h,MISS B. Simmons 2' Driving Finger Roll Layup,Missed Shot,Driving Finger Roll Layup Shot,1,0
131,179,PT01M13.00S,1,1610612751,BKN,202334,Davis,E. Davis,0,0,0,,0,,,0,v,Davis REBOUND (Off:0 Def:2),Rebound,Unknown,1,0
132,180,PT01M11.00S,1,1610612751,BKN,203915,Dinwiddie,S. Dinwiddie,142,216,26,Made,1,22,28,50,v,Dinwiddie 26' 3PT Pullup Jump Shot (5 PTS),Made Shot,Pullup Jump shot,1,0
133,181,PT00M52.90S,1,1610612755,PHI,203954,Embiid,J. Embiid,-100,242,26,Missed,1,,,0,h,MISS Embiid 26' 3PT Jump Shot,Missed Shot,Jump Shot,1,0
134,182,PT00M50.70S,1,1610612751,BKN,1627747,LeVert,C. LeVert,0,0,0,,0,,,0,v,LeVert REBOUND (Off:0 Def:1),Rebound,Unknown,1,0
135,183,PT00M43.50S,1,1610612751,BKN,202334,Davis,E. Davis,-27,11,3,Missed,1,,,0,v,MISS Davis 3' Layup,Missed Shot,Layup Shot,1,0
136,183,PT00M43.50S,1,1610612755,PHI,203954,Embiid,J. Embiid,0,0,0,,0,,,0,h,Embiid BLOCK (1 BLK),,,1,0
137,185,PT00M40.60S,1,1610612755,PHI,200755,Redick,J. Redick,0,0,0,,0,,,0,h,Redick REBOUND (Off:0 Def:1),Rebound,Unknown,1,0
138,186,PT00M31.90S,1,1610612755,PHI,203954,Embiid,J. Embiid,-114,164,20,Missed,1,,,0,h,MISS Embiid 20' Jump Shot,Missed Shot,Jump Shot,1,0
139,186,PT00M31.90S,1,1610612751,BKN,1627747,LeVert,C. LeVert,0,0,0,,0,,,0,v,LeVert BLOCK (1 BLK),,,1,0
140,188,PT00M27.80S,1,1610612755,PHI,203954,Embiid,J. Embiid,0,0,0,,0,,,0,h,Embiid REBOUND (Off:2 Def:2),Rebound,Unknown,1,0
141,189,PT00M23.10S,1,1610612755,PHI,203954,Embiid,J. Embiid,222,104,25,Missed,1,,,0,h,MISS Embiid 25' 3PT Jump Shot,Missed Shot,Jump Shot,1,0
142,190,PT00M19.40S,1,1610612755,PHI,1627732,Simmons,B. Simmons,0,0,0,,0,,,0,h,B. Simmons REBOUND (Off:3 Def:2),Rebound,Unknown,1,0
143,191,PT00M17.90S,1,1610612755,PHI,203954,Embiid,J. Embiid,216,155,27,Missed,1,,,0,h,MISS Embiid 27' 3PT Jump Shot,Missed Shot,Jump Shot,1,0
144,192,PT00M17.90S,1,0,,1610612755,,,0,0,0,,0,,,0,h,76ERS Rebound,Rebound,Unknown,0,0
145,193,PT00M14.10S,1,1610612755,PHI,203613,Simmons,J. Simmons,-207,154,26,Missed,1,,,0,h,MISS J. Simmons 26' 3PT Jump Shot,Missed Shot,Jump Shot,1,0
146,194,PT00M10.70S,1,1610612751,BKN,202334,Davis,E. Davis,0,0,0,,0,,,0,v,Davis REBOUND (Off:0 Def:3),Rebound,Unknown,1,0
147,195,PT00M03.30S,1,1610612751,BKN,201960,Carroll,D. Carroll,-230,27,0,Made,1,22,31,53,v,Carroll 3PT Step Back Jump Shot (9 PTS),Made Shot,Step Back Jump shot,1,0
148,196,PT00M00.10S,1,1610612755,PHI,203118,Scott,M. Scott,204,151,25,Missed,1,,,0,h,MISS Scott 25' 3PT Fadeaway Jumper,Missed Shot,Fadeaway Jump Shot,1,0
149,197,PT00M00.10S,1,0,,1610612755,,,0,0,0,,0,,,0,h,76ERS Rebound,Rebound,Unknown,0,0
150,198,PT00M00.00S,1,0,,0,,,0,0,0,,0,22,31,53,,End of 1st Period (3:16 PM EST),period,end,1,0
151,202,PT12M00.00S,2,0,,0,,,0,0,0,,0,22,31,53,,Start of 2nd Period (3:19 PM EST),period,start,0,0
152,203,PT11M43.00S,2,1610612755,PHI,203954,Embiid,J. Embiid,-36,44,6,Missed,1,,,0,h,MISS Embiid 6' Hook Shot,Missed Shot,Hook Shot,1,0
153,204,PT11M41.00S,2,1610612755,PHI,203954,Embiid,J. Embiid,0,0,0,,0,,,0,h,Embiid REBOUND (Off:3 Def:2),Rebound,Unknown,1,0
154,205,PT11M41.00S,2,1610612751,BKN,201162,Dudley,J. Dudley,0,0,0,,0,,,0,v,Dudley S.FOUL (P2.T1) (S.Foster),Foul,Shooting,1,0
155,207,PT11M41.00S,2,1610612755,PHI,203954,Embiid,J. Embiid,0,0,0,,0,,,0,h,Embiid T.FOUL (P0.T0) (S.Foster),Foul,Technical,1,0
156,208,PT11M41.00S,2,1610612751,BKN,203915,Dinwiddie,S. Dinwiddie,0,0,0,,0,,,0,v,MISS Dinwiddie Free Throw Technical,Free Throw,Free Throw Technical,0,0
157,209,PT11M41.00S,2,0,,1610612755,,,0,0,0,,0,,,0,h,76ERS Rebound,Rebound,Normal Rebound,0,0
158,211,PT11M41.00S,2,1610612755,PHI,203954,Embiid,J. Embiid,0,0,0,,0,,,0,h,MISS Embiid Free Throw 1 of 2,Free Throw,Free Throw 1 of 2,0,0
159,212,PT11M41.00S,2,0,,1610612755,,,0,0,0,,0,,,0,h,76ERS Rebound,Rebound,Normal Rebound,0,0
160,213,PT11M41.00S,2,1610612755,PHI,203954,Embiid,J. Embiid,0,0,0,,0,23,31,54,h,Embiid Free Throw 2 of 2 (9 PTS),Free Throw,Free Throw 2 of 2,0,0
161,216,PT11M24.00S,2,1610612751,BKN,1627747,LeVert,C. LeVert,-146,203,25,Made,1,23,34,57,v,LeVert 25' 3PT Jump Shot (5 PTS),Made Shot,Jump Shot,1,0
162,217,PT11M09.00S,2,1610612755,PHI,200755,Redick,J. Redick,-35,258,26,Missed,1,,,0,h,MISS Redick 26' 3PT Pullup Jump Shot,Missed Shot,Pullup Jump shot,1,0
163,218,PT11M05.00S,2,1610612751,BKN,202334,Davis,E. Davis,0,0,0,,0,,,0,v,Davis REBOUND (Off:0 Def:4),Rebound,Unknown,1,0
164,219,PT10M55.00S,2,1610612751,BKN,202334,Davis,E. Davis,-14,16,2,Missed,1,,,0,v,MISS Davis 2' Layup,Missed Shot,Layup Shot,1,0
165,219,PT10M55.00S,2,1610612755,PHI,203954,Embiid,J. Embiid,0,0,0,,0,,,0,h,Embiid BLOCK (2 BLK),,,1,0
166,221,PT10M53.00S,2,1610612755,PHI,203954,Embiid,J. Embiid,0,0,0,,0,,,0,h,Embiid REBOUND (Off:3 Def:3),Rebound,Unknown,1,0
167,222,PT10M49.00S,2,1610612755,PHI,1627732,Simmons,B. Simmons,0,0,0,,0,,,0,h,B. Simmons Bad Pass Turnover (P1.T5),Turnover,Bad Pass,1,0
168,222,PT10M49.00S,2,1610612751,BKN,201960,Carroll,D. Carroll,0,0,0,,0,,,0,v,Carroll STEAL (2 STL),,,1,0
169,224,PT10M43.00S,2,1610612751,BKN,203915,Dinwiddie,S. Dinwiddie,149,206,25,Missed,1,,,0,v,MISS Dinwiddie 25' 3PT Jump Shot,Missed Shot,Jump Shot,1,0
170,225,PT10M39.00S,2,1610612755,PHI,203954,Embiid,J. Embiid,0,0,0,,0,,,0,h,Embiid REBOUND (Off:3 Def:4),Rebound,Unknown,1,0
171,226,PT10M28.00S,2,1610612755,PHI,203954,Embiid,J. Embiid,103,242,26,Missed,1,,,0,h,MISS Embiid 26' 3PT Jump Shot,Missed Shot,Jump Shot,1,0
172,227,PT10M25.00S,2,1610612751,BKN,202334,Davis,E. Davis,0,0,0,,0,,,0,v,Davis REBOUND (Off:0 Def:5),Rebound,Unknown,1,0
173,228,PT10M13.00S,2,1610612751,BKN,1627747,LeVert,C. LeVert,70,79,11,Missed,1,,,0,v,MISS LeVert 11' Fadeaway Jumper,Missed Shot,Fadeaway Jump Shot,1,0
174,229,PT10M10.00S,2,1610612751,BKN,202334,Davis,E. Davis,0,0,0,,0,,,0,v,Davis REBOUND (Off:1 Def:5),Rebound,Unknown,1,0
175,230,PT10M08.00S,2,1610612751,BKN,1627747,LeVert,C. LeVert,165,200,26,Made,1,23,37,60,v,LeVert 26' 3PT Jump Shot (8 PTS) (Dudley 2 AST),Made Shot,Jump Shot,1,0
176,232,PT10M07.00S,2,0,,1610612755,,,0,0,0,,0,,,0,h,76ERS Timeout: Regular (Full 2 Short 0),Timeout,Regular,0,0
177,233,PT10M07.00S,2,1610612755,PHI,203613,Simmons,J. Simmons,0,0,0,,0,,,0,h,SUB: Butler FOR J. Simmons,Substitution,,0,0
178,235,PT10M07.00S,2,1610612751,BKN,203915,Dinwiddie,S. Dinwiddie,0,0,0,,0,,,0,v,SUB: Russell FOR Dinwiddie,Substitution,,0,0
179,237,PT09M51.00S,2,1610612755,PHI,1627732,Simmons,B. Simmons,-7,20,2,Missed,1,,,0,h,MISS B. Simmons 2' Jump Bank Shot,Missed Shot,Jump Bank Shot,1,0
180,238,PT09M49.00S,2,1610612751,BKN,202334,Davis,E. Davis,0,0,0,,0,,,0,v,Davis REBOUND (Off:1 Def:6),Rebound,Unknown,1,0
181,240,PT09M32.00S,2,1610612751,BKN,1627747,LeVert,C. LeVert,-10,20,2,Made,1,23,39,62,v,LeVert 2' Driving Layup (10 PTS),Made Shot,Driving Layup Shot,1,0
182,241,PT09M18.00S,2,1610612755,PHI,202699,Harris,T. Harris,8,78,8,Made,1,25,39,64,h,Harris 8' Pullup Jump Shot (2 PTS),Made Shot,Pullup Jump shot,1,0
183,242,PT08M52.00S,2,1610612751,BKN,202334,Davis,E. Davis,-3,11,1,Made,1,25,41,66,v,Davis 1' Alley Oop Layup (4 PTS) (LeVert 2 AST),Made Shot,Alley Oop Layup shot,1,0
184,244,PT08M35.00S,2,1610612751,BKN,202334,Davis,E. Davis,0,0,0,,0,,,0,v,Davis S.FOUL (P2.T2) (J.Phillips),Foul,Shooting,1,0
185,246,PT08M35.00S,2,1610612755,PHI,203954,Embiid,J. Embiid,0,0,0,,0,26,41,67,h,Embiid Free Throw 1 of 2 (10 PTS),Free Throw,Free Throw 1 of 2,0,0
186,247,PT08M35.00S,2,1610612751,BKN,201162,Dudley,J. Dudley,0,0,0,,0,,,0,v,SUB: Graham FOR Dudley,Substitution,,0,0
187,249,PT08M35.00S,2,1610612755,PHI,203954,Embiid,J. Embiid,0,0,0,,0,27,41,68,h,Embiid Free Throw 2 of 2 (11 PTS),Free Throw,Free Throw 2 of 2,0,0
188,250,PT08M24.00S,2,1610612751,BKN,1626156,Russell,D. Russell,119,232,26,Made,1,27,44,71,v,Russell 26' 3PT Jump Shot (5 PTS) (Davis 1 AST),Made Shot,Jump Shot,1,0
189,252,PT08M15.00S,2,1610612755,PHI,200755,Redick,J. Redick,127,74,15,Missed,1,,,0,h,MISS Redick 15' Jump Shot,Missed Shot,Jump Shot,1,0
190,253,PT08M10.00S,2,1610612755,PHI,1627732,Simmons,B. Simmons,0,0,0,,0,,,0,h,B. Simmons REBOUND (Off:4 Def:2),Rebound,Unknown,1,0
191,255,PT08M10.00S,2,1610612755,PHI,200755,Redick,J. Redick,0,0,0,,0,,,0,h,SUB: Marjanovic FOR Redick,Substitution,,0,0
192,256,PT08M10.00S,2,1610612755,PHI,203954,Embiid,J. Embiid,0,0,0,,0,,,0,h,SUB: McConnell FOR Embiid,Substitution,,0,0
193,257,PT08M10.00S,2,1610612755,PHI,1627732,Simmons,B. Simmons,0,0,0,,0,,,0,h,SUB: Scott FOR B. Simmons,Substitution,,0,0
194,261,PT08M02.00S,2,1610612751,BKN,1626156,Russell,D. Russell,0,0,0,,0,,,0,v,Russell S.FOUL (P2.T3) (S.Foster),Foul,Shooting,1,0
195,263,PT08M02.00S,2,1610612755,PHI,202710,Butler,J. Butler,0,0,0,,0,28,44,72,h,Butler Free Throw 1 of 2 (6 PTS),Free Throw,Free Throw 1 of 2,0,0
196,264,PT08M02.00S,2,1610612755,PHI,202710,Butler,J. Butler,0,0,0,,0,29,44,73,h,Butler Free Throw 2 of 2 (7 PTS),Free Throw,Free Throw 2 of 2,0,0
197,265,PT07M41.00S,2,1610612751,BKN,1627747,LeVert,C. LeVert,-74,26,8,Made,1,29,46,75,v,LeVert 8' Driving Floating Bank Jump Shot (12 PTS),Made Shot,Driving Floating Bank Jump Shot,1,0
198,266,PT07M29.00S,2,1610612755,PHI,203118,Scott,M. Scott,-81,253,27,Made,1,32,46,78,h,Scott 27' 3PT Jump Shot (3 PTS) (Harris 3 AST),Made Shot,Jump Shot,1,0
199,268,PT07M15.00S,2,1610612751,BKN,1626156,Russell,D. Russell,-29,129,13,Missed,1,,,0,v,MISS Russell 13' Fadeaway Jumper,Missed Shot,Fadeaway Jump Shot,1,0
200,269,PT07M15.00S,2,0,,1610612751,,,0,0,0,,0,,,0,v,Nets Rebound,Rebound,Unknown,0,0
201,270,PT07M15.00S,2,1610612755,PHI,203118,Scott,M. Scott,0,0,0,,0,,,0,h,Scott L.B.FOUL (P1.T1) (J.Phillips),Foul,Loose Ball,1,0
202,272,PT07M15.00S,2,1610612751,BKN,1627747,LeVert,C. LeVert,0,0,0,,0,,,0,v,SUB: Harris FOR LeVert,Substitution,,0,0
203,275,PT07M04.00S,2,1610612751,BKN,201960,Carroll,D. Carroll,29,253,25,Missed,1,,,0,v,MISS Carroll 25' 3PT Pullup Jump Shot,Missed Shot,Pullup Jump shot,1,0
204,276,PT07M01.00S,2,1610612755,PHI,1626246,Marjanovic,B. Marjanovic,0,0,0,,0,,,0,h,Marjanovic REBOUND (Off:0 Def:2),Rebound,Unknown,1,0
205,277,PT06M53.00S,2,1610612755,PHI,1626246,Marjanovic,B. Marjanovic,-14,13,2,Made,1,34,46,80,h,Marjanovic 2' Finger Roll Layup (7 PTS) (McConnell 2 AST),Made Shot,Finger Roll Layup Shot,1,0
206,279,PT06M37.00S,2,1610612755,PHI,203118,Scott,M. Scott,0,0,0,,0,,,0,h,Scott S.FOUL (P2.T2) (J.Phillips),Foul,Shooting,1,0
207,281,PT06M37.00S,2,1610612751,BKN,1626203,Graham,T. Graham,0,0,0,,0,34,47,81,v,Graham Free Throw 1 of 2 (1 PTS),Free Throw,Free Throw 1 of 2,0,0
208,282,PT06M37.00S,2,1610612751,BKN,201960,Carroll,D. Carroll,0,0,0,,0,,,0,v,SUB: Dudley FOR Carroll,Substitution,,0,0
209,283,PT06M37.00S,2,1610612751,BKN,202334,Davis,E. Davis,0,0,0,,0,,,0,v,SUB: Dinwiddie FOR Davis,Substitution,,0,0
210,286,PT06M37.00S,2,1610612751,BKN,1626203,Graham,T. Graham,0,0,0,,0,34,48,82,v,Graham Free Throw 2 of 2 (2 PTS),Free Throw,Free Throw 2 of 2,0,0
211,287,PT06M21.00S,2,1610612755,PHI,202710,Butler,J. Butler,46,8,5,Missed,1,,,0,h,MISS Butler 5' Driving Layup,Missed Shot,Driving Layup Shot,1,0
212,288,PT06M17.00S,2,1610612755,PHI,202710,Butler,J. Butler,0,0,0,,0,,,0,h,Butler REBOUND (Off:2 Def:0),Rebound,Unknown,1,0
213,289,PT06M16.00S,2,1610612755,PHI,202710,Butler,J. Butler,-40,67,8,Made,1,36,48,84,h,Butler 8' Jump Shot (9 PTS),Made Shot,Jump Shot,1,0
214,290,PT05M57.00S,2,1610612751,BKN,1626156,Russell,D. Russell,43,117,12,Missed,1,,,0,v,MISS Russell 12' Pullup Jump Shot,Missed Shot,Pullup Jump shot,1,0
215,291,PT05M55.00S,2,1610612755,PHI,1626246,Marjanovic,B. Marjanovic,0,0,0,,0,,,0,h,Marjanovic REBOUND (Off:0 Def:3),Rebound,Unknown,1,0
216,293,PT05M48.00S,2,1610612751,BKN,1626203,Graham,T. Graham,0,0,0,,0,,,0,v,Graham S.FOUL (P1.T4) (T.Ford),Foul,Shooting,1,0
217,295,PT05M48.00S,2,0,,1610612751,,,0,0,0,,0,,,0,v,Nets Timeout: Regular (Reg.2 Short 0),Timeout,Regular,0,0
218,296,PT05M48.00S,2,1610612755,PHI,202710,Butler,J. Butler,0,0,0,,0,,,0,h,MISS Butler Free Throw 1 of 2,Free Throw,Free Throw 1 of 2,0,0
219,297,PT05M48.00S,2,0,,1610612755,,,0,0,0,,0,,,0,h,76ERS Rebound,Rebound,Normal Rebound,0,0
220,298,PT05M48.00S,2,1610612755,PHI,202710,Butler,J. Butler,0,0,0,,0,37,48,85,h,Butler Free Throw 2 of 2 (10 PTS),Free Throw,Free Throw 2 of 2,0,0
221,299,PT05M31.00S,2,1610612751,BKN,1626203,Graham,T. Graham,0,0,0,,0,,,0,v,Graham Step Out of Bounds Turnover (P1.T5),Turnover,Step Out of Bounds Turnover,1,0
222,300,PT05M18.00S,2,1610612755,PHI,202710,Butler,J. Butler,69,25,7,Missed,1,,,0,h,MISS Butler 7' Turnaround Jump Shot,Missed Shot,Turnaround Jump Shot,1,0
223,301,PT05M17.00S,2,1610612755,PHI,202710,Butler,J. Butler,0,0,0,,0,,,0,h,Butler REBOUND (Off:3 Def:0),Rebound,Unknown,1,0
224,302,PT05M17.00S,2,1610612751,BKN,203915,Dinwiddie,S. Dinwiddie,0,0,0,,0,,,0,v,Dinwiddie P.FOUL (P1.PN) (J.Phillips),Foul,Personal,1,0
225,304,PT05M17.00S,2,1610612755,PHI,202710,Butler,J. Butler,0,0,0,,0,38,48,86,h,Butler Free Throw 1 of 2 (11 PTS),Free Throw,Free Throw 1 of 2,0,0
226,305,PT05M17.00S,2,1610612755,PHI,202710,Butler,J. Butler,0,0,0,,0,39,48,87,h,Butler Free Throw 2 of 2 (12 PTS),Free Throw,Free Throw 2 of 2,0,0
227,306,PT05M02.00S,2,1610612751,BKN,201162,Dudley,J. Dudley,93,241,26,Missed,1,,,0,v,MISS Dudley 26' 3PT Jump Shot,Missed Shot,Jump Shot,1,0
228,307,PT04M59.00S,2,1610612755,PHI,202699,Harris,T. Harris,0,0,0,,0,,,0,h,Harris REBOUND (Off:0 Def:4),Rebound,Unknown,1,0
229,308,PT04M50.00S,2,1610612755,PHI,204456,McConnell,T. McConnell,-39,-1,4,Made,1,41,48,89,h,McConnell 4' Fadeaway Jumper (4 PTS) (Marjanovic 1 AST),Made Shot,Fadeaway Jump Shot,1,0
230,310,PT04M29.00S,2,1610612751,BKN,203915,Dinwiddie,S. Dinwiddie,0,1,0,Made,1,41,50,91,v,Dinwiddie Driving Dunk (7 PTS),Made Shot,Driving Dunk Shot,1,0
231,311,PT04M12.00S,2,1610612755,PHI,204456,McConnell,T. McConnell,-92,-24,10,Missed,1,,,0,h,MISS McConnell 10' Fadeaway Jumper,Missed Shot,Fadeaway Jump Shot,1,0
232,312,PT04M08.00S,2,1610612751,BKN,203925,Harris,J. Harris,0,0,0,,0,,,0,v,Harris REBOUND (Off:0 Def:2),Rebound,Unknown,1,0
233,313,PT03M57.00S,2,1610612751,BKN,1626156,Russell,D. Russell,-180,179,25,Missed,1,,,0,v,MISS Russell 25' 3PT Jump Shot,Missed Shot,Jump Shot,1,0
234,314,PT03M55.00S,2,1610612755,PHI,203118,Scott,M. Scott,0,0,0,,0,,,0,h,Scott REBOUND (Off:0 Def:1),Rebound,Unknown,1,0
235,315,PT03M44.00S,2,1610612755,PHI,1626246,Marjanovic,B. Marjanovic,51,4,5,Missed,1,,,0,h,MISS Marjanovic 5' Fadeaway Jumper,Missed Shot,Fadeaway Jump Shot,1,0
236,316,PT03M42.00S,2,1610612751,BKN,1626156,Russell,D. Russell,0,0,0,,0,,,0,v,Russell REBOUND (Off:0 Def:2),Rebound,Unknown,1,0
237,317,PT03M36.00S,2,1610612751,BKN,1626156,Russell,D. Russell,5,16,2,Made,1,41,52,93,v,Russell 2' Driving Finger Roll Layup (7 PTS),Made Shot,Driving Finger Roll Layup Shot,1,0
238,318,PT03M15.00S,2,1610612755,PHI,1626246,Marjanovic,B. Marjanovic,0,0,0,,0,,,0,h,Marjanovic OFF.Foul (P1) (S.Foster),Foul,Offensive,1,0
239,320,PT03M15.00S,2,1610612755,PHI,1626246,Marjanovic,B. Marjanovic,0,0,0,,0,,,0,h,Marjanovic Offensive Foul Turnover (P1.T6),Turnover,Offensive Foul Turnover,1,0
240,321,PT03M15.00S,2,1610612755,PHI,204456,McConnell,T. McConnell,0,0,0,,0,,,0,h,SUB: J. Simmons FOR McConnell,Substitution,,0,0
241,322,PT03M15.00S,2,1610612755,PHI,202699,Harris,T. Harris,0,0,0,,0,,,0,h,SUB: B. Simmons FOR Harris,Substitution,,0,0
242,323,PT03M15.00S,2,1610612755,PHI,1626246,Marjanovic,B. Marjanovic,0,0,0,,0,,,0,h,SUB: Redick FOR Marjanovic,Substitution,,0,0
243,324,PT03M15.00S,2,1610612751,BKN,1626156,Russell,D. Russell,0,0,0,,0,,,0,v,SUB: Kurucs FOR Russell,Substitution,,0,0
244,325,PT03M15.00S,2,1610612751,BKN,1626203,Graham,T. Graham,0,0,0,,0,,,0,v,SUB: LeVert FOR Graham,Substitution,,0,0
245,331,PT03M02.00S,2,1610612751,BKN,203915,Dinwiddie,S. Dinwiddie,19,15,2,Made,1,41,54,95,v,Dinwiddie 2' Driving Finger Roll Layup (9 PTS),Made Shot,Driving Finger Roll Layup Shot,1,0
246,332,PT02M45.00S,2,1610612755,PHI,202710,Butler,J. Butler,-123,128,18,Missed,1,,,0,h,MISS Butler 18' Step Back Jump Shot,Missed Shot,Step Back Jump shot,1,0
247,333,PT02M42.00S,2,1610612751,BKN,1627747,LeVert,C. LeVert,0,0,0,,0,,,0,v,LeVert REBOUND (Off:0 Def:2),Rebound,Unknown,1,0
248,334,PT02M31.00S,2,1610612755,PHI,200755,Redick,J. Redick,0,0,0,,0,,,0,h,Redick S.FOUL (P2.T3) (T.Ford),Foul,Shooting,1,0
249,336,PT02M31.00S,2,1610612751,BKN,203915,Dinwiddie,S. Dinwiddie,0,0,0,,0,41,55,96,v,Dinwiddie Free Throw 1 of 2 (10 PTS),Free Throw,Free Throw 1 of 2,0,0
250,337,PT02M31.00S,2,1610612751,BKN,203915,Dinwiddie,S. Dinwiddie,0,0,0,,0,41,56,97,v,Dinwiddie Free Throw 2 of 2 (11 PTS),Free Throw,Free Throw 2 of 2,0,0
251,338,PT02M19.00S,2,1610612755,PHI,202710,Butler,J. Butler,-36,41,5,Made,1,43,56,99,h,Butler 5' Driving Floating Jump Shot (14 PTS),Made Shot,Driving Floating Jump Shot,1,0
252,339,PT02M09.00S,2,1610612755,PHI,200755,Redick,J. Redick,0,0,0,,0,,,0,h,Redick S.FOUL (P3.T4) (J.Phillips),Foul,Shooting,1,0
253,341,PT02M09.00S,2,1610612751,BKN,1627747,LeVert,C. LeVert,0,0,0,,0,43,57,100,v,LeVert Free Throw 1 of 2 (13 PTS),Free Throw,Free Throw 1 of 2,0,0
254,342,PT02M09.00S,2,1610612755,PHI,200755,Redick,J. Redick,0,0,0,,0,,,0,h,SUB: Harris FOR Redick,Substitution,,0,0
255,344,PT02M09.00S,2,1610612751,BKN,1627747,LeVert,C. LeVert,0,0,0,,0,43,58,101,v,LeVert Free Throw 2 of 2 (14 PTS),Free Throw,Free Throw 2 of 2,0,0
256,345,PT01M57.00S,2,1610612751,BKN,1629066,Kurucs,R. Kurucs,0,0,0,,0,,,0,v,Kurucs P.FOUL (P1.PN) (S.Foster),Foul,Personal,1,0
257,347,PT01M57.00S,2,1610612755,PHI,202710,Butler,J. Butler,0,0,0,,0,44,58,102,h,Butler Free Throw 1 of 2 (15 PTS),Free Throw,Free Throw 1 of 2,0,0
258,348,PT01M57.00S,2,1610612755,PHI,202710,Butler,J. Butler,0,0,0,,0,45,58,103,h,Butler Free Throw 2 of 2 (16 PTS),Free Throw,Free Throw 2 of 2,0,0
259,349,PT01M41.00S,2,1610612751,BKN,1627747,LeVert,C. LeVert,2,8,1,Made,1,45,60,105,v,LeVert 1' Driving Dunk (16 PTS),Made Shot,Driving Dunk Shot,1,0
260,350,PT01M28.00S,2,1610612755,PHI,203613,Simmons,J. Simmons,-12,8,1,Missed,1,,,0,h,MISS J. Simmons 1' Reverse Layup,Missed Shot,Reverse Layup Shot,1,0
261,351,PT01M22.00S,2,1610612755,PHI,203613,Simmons,J. Simmons,0,0,0,,0,,,0,h,J. Simmons REBOUND (Off:1 Def:0),Rebound,Unknown,1,0
262,352,PT01M22.00S,2,1610612755,PHI,203613,Simmons,J. Simmons,0,-6,1,Made,1,47,60,107,h,J. Simmons 1' Tip Layup Shot (2 PTS),Made Shot,Tip Layup Shot,1,0
263,353,PT01M17.00S,2,1610612755,PHI,203118,Scott,M. Scott,0,0,0,,0,,,0,h,Scott P.FOUL (P3.PN) (S.Foster),Foul,Personal,1,0
264,355,PT01M17.00S,2,1610612751,BKN,201162,Dudley,J. Dudley,0,0,0,,0,47,61,108,v,Dudley Free Throw 1 of 2 (1 PTS),Free Throw,Free Throw 1 of 2,0,0
265,356,PT01M17.00S,2,1610612751,BKN,1629066,Kurucs,R. Kurucs,0,0,0,,0,,,0,v,SUB: Carroll FOR Kurucs,Substitution,,0,0
266,358,PT01M17.00S,2,1610612751,BKN,201162,Dudley,J. Dudley,0,0,0,,0,47,62,109,v,Dudley Free Throw 2 of 2 (2 PTS),Free Throw,Free Throw 2 of 2,0,0
267,359,PT01M03.00S,2,1610612755,PHI,203118,Scott,M. Scott,-46,262,27,Missed,1,,,0,h,MISS Scott 27' 3PT Jump Shot,Missed Shot,Jump Shot,1,0
268,360,PT01M00.00S,2,1610612755,PHI,202710,Butler,J. Butler,0,0,0,,0,,,0,h,Butler REBOUND (Off:4 Def:0),Rebound,Unknown,1,0
269,361,PT01M00.00S,2,1610612755,PHI,202710,Butler,J. Butler,0,-6,1,Made,1,49,62,111,h,Butler 1' Tip Layup Shot (18 PTS),Made Shot,Tip Layup Shot,1,0
270,362,PT00M44.80S,2,1610612751,BKN,1627747,LeVert,C. LeVert,-14,152,15,Missed,1,,,0,v,MISS LeVert 15' Step Back Jump Shot,Missed Shot,Step Back Jump shot,1,0
271,363,PT00M42.20S,2,1610612755,PHI,202699,Harris,T. Harris,0,0,0,,0,,,0,h,Harris REBOUND (Off:0 Def:5),Rebound,Unknown,1,0
272,364,PT00M36.70S,2,1610612755,PHI,1627732,Simmons,B. Simmons,24,32,4,Missed,1,,,0,h,MISS B. Simmons 4' Driving Layup,Missed Shot,Driving Layup Shot,1,0
273,365,PT00M35.30S,2,1610612755,PHI,202710,Butler,J. Butler,0,0,0,,0,,,0,h,Butler REBOUND (Off:5 Def:0),Rebound,Unknown,1,0
274,366,PT00M35.30S,2,1610612755,PHI,202710,Butler,J. Butler,-3,8,1,Made,1,51,62,113,h,Butler 1' Putback Layup (20 PTS),Made Shot,Putback Layup Shot,1,0
275,367,PT00M21.90S,2,0,,1610612751,,,0,0,0,,0,,,0,v,Nets Timeout: Regular (Reg.3 Short 0),Timeout,Regular,0,0
276,368,PT00M21.90S,2,1610612755,PHI,203118,Scott,M. Scott,0,0,0,,0,,,0,h,SUB: Smith FOR Scott,Substitution,,0,0
277,370,PT00M17.50S,2,1610612751,BKN,203925,Harris,J. Harris,-27,16,3,Missed,1,,,0,v,MISS Harris 3' Driving Layup,Missed Shot,Driving Layup Shot,1,0
278,371,PT00M15.30S,2,1610612755,PHI,202710,Butler,J. Butler,0,0,0,,0,,,0,h,Butler REBOUND (Off:5 Def:1),Rebound,Unknown,1,0
279,372,PT00M00.10S,2,1610612755,PHI,202710,Butler,J. Butler,205,157,26,Made,1,54,62,116,h,Butler 26' 3PT Pullup Jump Shot (23 PTS),Made Shot,Pullup Jump shot,1,0
280,375,PT00M00.10S,2,0,,372,,,0,0,0,,0,54,62,116,,Instant Replay2nd Period (3:51 PM EST),Instant Replay,Support Ruling,0,0
281,373,PT00M00.00S,2,0,,0,,,0,0,0,,0,54,62,116,,End of 2nd Period (3:51 PM EST),period,end,1,0
282,386,PT12M00.00S,3,0,,0,,,0,0,0,,0,54,62,116,,Start of 3rd Period (4:07 PM EST),period,start,0,0
283,387,PT11M43.00S,3,1610612751,BKN,1626156,Russell,D. Russell,0,0,0,,0,,,0,v,Russell Violation:Kicked Ball (S.Foster),Violation,Kicked Ball,0,0
284,388,PT11M38.00S,3,1610612751,BKN,1629066,Kurucs,R. Kurucs,0,0,0,,0,,,0,v,Kurucs S.FOUL (P2.T1) (S.Foster),Foul,Shooting,1,0
285,390,PT11M38.00S,3,1610612755,PHI,1627732,Simmons,B. Simmons,0,0,0,,0,55,62,117,h,B. Simmons Free Throw 1 of 2 (3 PTS),Free Throw,Free Throw 1 of 2,0,0
286,391,PT11M38.00S,3,1610612755,PHI,1627732,Simmons,B. Simmons,0,0,0,,0,,,0,h,MISS B. Simmons Free Throw 2 of 2,Free Throw,Free Throw 2 of 2,0,0
287,392,PT11M34.00S,3,1610612751,BKN,201960,Carroll,D. Carroll,0,0,0,,0,,,0,v,Carroll REBOUND (Off:1 Def:3),Rebound,Unknown,1,0
288,393,PT11M26.00S,3,1610612751,BKN,1626156,Russell,D. Russell,194,172,26,Made,1,55,65,120,v,Russell 26' 3PT Jump Shot (10 PTS) (Allen 1 AST),Made Shot,Jump Shot,1,0
289,395,PT11M11.00S,3,1610612755,PHI,202710,Butler,J. Butler,-2,3,0,Made,1,57,65,122,h,Butler Driving Finger Roll Layup (25 PTS) (Embiid 1 AST),Made Shot,Driving Finger Roll Layup Shot,1,0
290,397,PT10M58.00S,3,1610612751,BKN,1626156,Russell,D. Russell,-62,242,25,Missed,1,,,0,v,MISS Russell 25' 3PT Jump Shot,Missed Shot,Jump Shot,1,0
291,398,PT10M55.00S,3,1610612755,PHI,203954,Embiid,J. Embiid,0,0,0,,0,,,0,h,Embiid REBOUND (Off:3 Def:5),Rebound,Unknown,1,0
292,399,PT10M49.00S,3,1610612755,PHI,203954,Embiid,J. Embiid,68,99,12,Made,1,59,65,124,h,Embiid 12' Pullup Jump Shot (13 PTS) (Harris 4 AST),Made Shot,Pullup Jump shot,1,0
293,401,PT10M32.00S,3,1610612751,BKN,1628386,Allen,J. Allen,-9,36,4,Missed,1,,,0,v,MISS Allen 4' Layup,Missed Shot,Layup Shot,1,0
294,401,PT10M32.00S,3,1610612755,PHI,1627732,Simmons,B. Simmons,0,0,0,,0,,,0,h,B. Simmons BLOCK (2 BLK),,,1,0
295,403,PT10M29.00S,3,1610612755,PHI,1627732,Simmons,B. Simmons,0,0,0,,0,,,0,h,B. Simmons REBOUND (Off:4 Def:3),Rebound,Unknown,1,0
296,404,PT10M27.00S,3,1610612755,PHI,200755,Redick,J. Redick,189,113,22,Made,1,61,65,126,h,Redick 22' Jump Shot (2 PTS) (B. Simmons 2 AST),Made Shot,Jump Shot,1,0
297,405,PT10M09.00S,3,1610612755,PHI,200755,Redick,J. Redick,0,0,0,,0,,,0,h,Redick P.FOUL (P4.T1) (J.Phillips),Foul,Personal,1,0
298,407,PT10M09.00S,3,1610612755,PHI,200755,Redick,J. Redick,0,0,0,,0,,,0,h,SUB: J. Simmons FOR Redick,Substitution,,0,0
299,409,PT10M01.00S,3,1610612751,BKN,1626156,Russell,D. Russell,18,34,4,Missed,1,,,0,v,MISS Russell 4' Driving Floating Jump Shot,Missed Shot,Driving Floating Jump Shot,1,0
300,410,PT09M56.00S,3,1610612751,BKN,1628386,Allen,J. Allen,0,0,0,,0,,,0,v,Allen REBOUND (Off:3 Def:2),Rebound,Unknown,1,0
301,411,PT09M56.00S,3,1610612751,BKN,1628386,Allen,J. Allen,0,-6,1,Missed,1,,,0,v,MISS Allen 1' Tip Layup Shot,Missed Shot,Tip Layup Shot,1,0
302,412,PT09M56.00S,3,1610612755,PHI,203954,Embiid,J. Embiid,0,0,0,,0,,,0,h,Embiid REBOUND (Off:3 Def:6),Rebound,Unknown,1,0
303,413,PT09M51.00S,3,1610612755,PHI,203954,Embiid,J. Embiid,-4,9,1,Made,1,63,65,128,h,Embiid 1' Driving Finger Roll Layup (15 PTS) (Harris 5 AST),Made Shot,Driving Finger Roll Layup Shot,1,0
304,414,PT09M51.00S,3,1610612751,BKN,1628386,Allen,J. Allen,0,0,0,,0,,,0,v,Allen S.FOUL (P4.T2) (J.Phillips),Foul,Shooting,1,0
305,417,PT09M51.00S,3,1610612751,BKN,1628386,Allen,J. Allen,0,0,0,,0,,,0,v,SUB: Davis FOR Allen,Substitution,,0,0
306,419,PT09M51.00S,3,1610612755,PHI,203954,Embiid,J. Embiid,0,0,0,,0,,,0,h,MISS Embiid Free Throw 1 of 1,Free Throw,Free Throw 1 of 1,0,0
307,420,PT09M49.00S,3,1610612751,BKN,202334,Davis,E. Davis,0,0,0,,0,,,0,v,Davis REBOUND (Off:1 Def:7),Rebound,Unknown,1,0
308,422,PT09M49.00S,3,1610612755,PHI,202699,Harris,T. Harris,0,0,0,,0,,,0,h,Harris P.FOUL (P1.T2) (S.Foster),Foul,Personal,1,0
309,465,PT09M39.00S,3,1610612751,BKN,201960,Carroll,D. Carroll,55,134,14,Missed,1,,,0,v,MISS Carroll 14' Driving Floating Jump Shot,Missed Shot,Driving Floating Jump Shot,1,0
310,465,PT09M39.00S,3,1610612755,PHI,202710,Butler,J. Butler,0,0,0,,0,,,0,h,Butler BLOCK (2 BLK),,,1,0
311,467,PT09M34.00S,3,0,,1610612755,,,0,0,0,,0,,,0,h,76ERS Rebound,Rebound,Unknown,0,0
312,425,PT09M31.00S,3,1610612755,PHI,202710,Butler,J. Butler,0,0,0,,0,,,0,h,,Jump Ball,,1,0
313,430,PT09M24.00S,3,1610612751,BKN,203925,Harris,J. Harris,0,0,0,,0,,,0,v,Harris P.FOUL (P1.T3) (T.Ford),Foul,Personal,1,0
314,432,PT09M17.00S,3,1610612755,PHI,203613,Simmons,J. Simmons,235,34,24,Missed,1,,,0,h,MISS J. Simmons 24' 3PT Jump Shot,Missed Shot,Jump Shot,1,0
315,433,PT09M17.00S,3,0,,1610612751,,,0,0,0,,0,,,0,v,Nets Rebound,Rebound,Unknown,0,0
316,434,PT09M17.00S,3,1610612755,PHI,203954,Embiid,J. Embiid,0,0,0,,0,,,0,h,Embiid L.B.FOUL (P1.T3) (S.Foster),Foul,Loose Ball,1,0
317,436,PT08M59.00S,3,1610612751,BKN,1626156,Russell,D. Russell,-27,-3,3,Missed,1,,,0,v,MISS Russell 3' Driving Layup,Missed Shot,Driving Layup Shot,1,0
318,437,PT08M55.00S,3,1610612751,BKN,202334,Davis,E. Davis,0,0,0,,0,,,0,v,Davis REBOUND (Off:2 Def:7),Rebound,Unknown,1,0
319,438,PT08M55.00S,3,1610612751,BKN,202334,Davis,E. Davis,0,-6,1,Made,1,63,67,130,v,Davis 1' Tip Layup Shot (6 PTS),Made Shot,Tip Layup Shot,1,0
320,439,PT08M46.00S,3,1610612755,PHI,202699,Harris,T. Harris,39,157,16,Missed,1,,,0,h,MISS Harris 16' Pullup Jump Shot,Missed Shot,Pullup Jump shot,1,0
321,440,PT08M44.00S,3,1610612751,BKN,1629066,Kurucs,R. Kurucs,0,0,0,,0,,,0,v,Kurucs REBOUND (Off:0 Def:1),Rebound,Unknown,1,0
322,441,PT08M44.00S,3,1610612755,PHI,1627732,Simmons,B. Simmons,0,0,0,,0,,,0,h,B. Simmons Personal Take Foul (P3.T4) (T.Ford),Foul,Personal Take,1,0
323,443,PT08M28.00S,3,1610612751,BKN,201960,Carroll,D. Carroll,18,5,2,Missed,1,,,0,v,MISS Carroll 2' Driving Reverse Layup,Missed Shot,Driving Reverse Layup Shot,1,0
324,443,PT08M28.00S,3,1610612755,PHI,203954,Embiid,J. Embiid,0,0,0,,0,,,0,h,Embiid BLOCK (3 BLK),,,1,0
325,445,PT08M28.00S,3,0,,1610612751,,,0,0,0,,0,,,0,v,Nets Rebound,Rebound,Unknown,0,0
326,446,PT08M21.00S,3,1610612751,BKN,1629066,Kurucs,R. Kurucs,0,0,0,,0,,,0,v,Kurucs Lost Ball Turnover (P1.T6),Turnover,Lost Ball,1,0
327,446,PT08M21.00S,3,1610612755,PHI,202699,Harris,T. Harris,0,0,0,,0,,,0,h,Harris STEAL (1 STL),,,1,0
328,448,PT08M16.00S,3,1610612755,PHI,202710,Butler,J. Butler,172,190,26,Missed,1,,,0,h,MISS Butler 26' 3PT Pullup Jump Shot,Missed Shot,Pullup Jump shot,1,0
329,449,PT08M12.00S,3,1610612751,BKN,1629066,Kurucs,R. Kurucs,0,0,0,,0,,,0,v,Kurucs REBOUND (Off:0 Def:2),Rebound,Unknown,1,0
330,450,PT08M01.00S,3,1610612751,BKN,1626156,Russell,D. Russell,-111,142,18,Made,1,63,69,132,v,Russell 18' Pullup Jump Shot (12 PTS),Made Shot,Pullup Jump shot,1,0
331,451,PT07M34.00S,3,1610612755,PHI,203954,Embiid,J. Embiid,13,21,2,Missed,1,,,0,h,MISS Embiid 2' Driving Layup,Missed Shot,Driving Layup Shot,1,0
332,452,PT07M32.00S,3,1610612751,BKN,1629066,Kurucs,R. Kurucs,0,0,0,,0,,,0,v,Kurucs REBOUND (Off:0 Def:3),Rebound,Unknown,1,0
333,453,PT07M28.00S,3,1610612751,BKN,1626156,Russell,D. Russell,-16,15,2,Made,1,63,71,134,v,Russell 2' Driving Finger Roll Layup (14 PTS),Made Shot,Driving Finger Roll Layup Shot,1,0
334,454,PT07M28.00S,3,0,,1610612755,,,0,0,0,,0,,,0,h,76ERS Timeout: Regular (Full 3 Short 0),Timeout,Regular,0,0
335,455,PT07M28.00S,3,1610612755,PHI,203613,Simmons,J. Simmons,0,0,0,,0,,,0,h,SUB: Scott FOR J. Simmons,Substitution,,0,0
336,456,PT07M28.00S,3,1610612755,PHI,203954,Embiid,J. Embiid,0,0,0,,0,,,0,h,SUB: McConnell FOR Embiid,Substitution,,0,0
337,457,PT07M28.00S,3,1610612755,PHI,1627732,Simmons,B. Simmons,0,0,0,,0,,,0,h,SUB: Marjanovic FOR B. Simmons,Substitution,,0,0
338,461,PT07M15.00S,3,1610612755,PHI,202710,Butler,J. Butler,17,6,2,Made,1,65,71,136,h,Butler 2' Alley Oop Layup (27 PTS) (Marjanovic 2 AST),Made Shot,Alley Oop Layup shot,1,0
339,463,PT06M59.00S,3,1610612751,BKN,1626156,Russell,D. Russell,-22,157,16,Made,1,65,73,138,v,Russell 16' Pullup Jump Shot (16 PTS) (Davis 2 AST),Made Shot,Pullup Jump shot,1,0
340,464,PT06M43.00S,3,1610612755,PHI,1626246,Marjanovic,B. Marjanovic,20,171,17,Made,1,67,73,140,h,Marjanovic 17' Jump Shot (9 PTS),Made Shot,Jump Shot,1,0
341,468,PT06M24.00S,3,1610612751,BKN,1626156,Russell,D. Russell,-24,153,15,Missed,1,,,0,v,MISS Russell 15' Pullup Jump Shot,Missed Shot,Pullup Jump shot,1,0
342,469,PT06M22.00S,3,1610612755,PHI,203118,Scott,M. Scott,0,0,0,,0,,,0,h,Scott REBOUND (Off:0 Def:2),Rebound,Unknown,1,0
343,470,PT06M11.00S,3,1610612755,PHI,202710,Butler,J. Butler,79,120,14,Made,1,69,73,142,h,Butler 14' Floating Jump Shot (29 PTS) (Marjanovic 3 AST),Made Shot,Floating Jump shot,1,0
344,472,PT06M11.00S,3,1610612751,BKN,203925,Harris,J. Harris,0,0,0,,0,,,0,v,Harris S.FOUL (P2.T4) (J.Phillips),Foul,Shooting,1,0
345,474,PT06M11.00S,3,1610612751,BKN,1629066,Kurucs,R. Kurucs,0,0,0,,0,,,0,v,SUB: Dudley FOR Kurucs,Substitution,,0,0
346,475,PT06M11.00S,3,1610612751,BKN,201960,Carroll,D. Carroll,0,0,0,,0,,,0,v,SUB: Dinwiddie FOR Carroll,Substitution,,0,0
347,478,PT06M11.00S,3,1610612755,PHI,202710,Butler,J. Butler,0,0,0,,0,70,73,143,h,Butler Free Throw 1 of 1 (30 PTS),Free Throw,Free Throw 1 of 1,0,0
348,480,PT06M00.00S,3,1610612751,BKN,203925,Harris,J. Harris,0,0,0,Made,1,70,75,145,v,Harris Driving Finger Roll Layup (11 PTS),Made Shot,Driving Finger Roll Layup Shot,1,0
349,481,PT05M42.00S,3,1610612755,PHI,202710,Butler,J. Butler,0,101,10,Missed,1,,,0,h,MISS Butler 10' Pullup Jump Shot,Missed Shot,Pullup Jump shot,1,0
350,482,PT05M39.00S,3,1610612751,BKN,202334,Davis,E. Davis,0,0,0,,0,,,0,v,Davis REBOUND (Off:2 Def:8),Rebound,Unknown,1,0
351,483,PT05M29.00S,3,1610612751,BKN,1626156,Russell,D. Russell,0,0,0,,0,,,0,v,Russell Bad Pass Turnover (P3.T7),Turnover,Bad Pass,1,0
352,483,PT05M29.00S,3,1610612755,PHI,202710,Butler,J. Butler,0,0,0,,0,,,0,h,Butler STEAL (1 STL),,,1,0
353,485,PT05M25.00S,3,1610612755,PHI,202710,Butler,J. Butler,27,10,3,Missed,1,,,0,h,MISS Butler 3' Driving Layup,Missed Shot,Driving Layup Shot,1,0
354,487,PT05M25.00S,3,0,,1610612755,,,0,0,0,,0,,,0,h,76ERS Rebound,Rebound,Unknown,1,0
355,488,PT05M25.00S,3,1610612755,PHI,202710,Butler,J. Butler,0,0,0,,0,,,0,h,Butler Traveling Turnover (P1.T7),Turnover,Traveling,1,0
356,489,PT05M25.00S,3,0,,1610612751,,,0,0,0,,0,,,0,v,Nets Timeout: Regular (Reg.4 Short 0),Timeout,Regular,0,0
357,490,PT05M06.00S,3,1610612751,BKN,1626156,Russell,D. Russell,52,46,7,Made,1,70,77,147,v,Russell 7' Pullup Jump Shot (18 PTS),Made Shot,Pullup Jump shot,1,0
358,491,PT05M06.00S,3,1610612755,PHI,1626246,Marjanovic,B. Marjanovic,0,0,0,,0,,,0,h,Marjanovic S.FOUL (P2.PN) (J.Phillips),Foul,Shooting,1,0
359,493,PT05M06.00S,3,1610612751,BKN,1626156,Russell,D. Russell,0,0,0,,0,70,78,148,v,Russell Free Throw 1 of 1 (19 PTS),Free Throw,Free Throw 1 of 1,0,0
360,494,PT04M47.00S,3,1610612755,PHI,202710,Butler,J. Butler,73,56,9,Made,1,72,78,150,h,Butler 9' Pullup Jump Shot (32 PTS) (Marjanovic 4 AST),Made Shot,Pullup Jump shot,1,0
361,496,PT04M33.00S,3,1610612751,BKN,203915,Dinwiddie,S. Dinwiddie,20,10,2,Missed,1,,,0,v,MISS Dinwiddie 2' Driving Layup,Missed Shot,Driving Layup Shot,1,0
362,497,PT04M30.00S,3,1610612751,BKN,203915,Dinwiddie,S. Dinwiddie,0,0,0,,0,,,0,v,Dinwiddie REBOUND (Off:1 Def:0),Rebound,Unknown,1,0
363,498,PT04M25.00S,3,1610612751,BKN,202334,Davis,E. Davis,-36,46,6,Made,1,72,80,152,v,Davis 6' Turnaround Hook Shot (8 PTS) (Dudley 3 AST),Made Shot,Turnaround Hook Shot,1,0
364,500,PT04M09.00S,3,1610612755,PHI,1626246,Marjanovic,B. Marjanovic,0,182,18,Made,1,74,80,154,h,Marjanovic 18' Jump Shot (11 PTS) (McConnell 3 AST),Made Shot,Jump Shot,1,0
365,502,PT03M54.00S,3,1610612751,BKN,1626156,Russell,D. Russell,-65,139,15,Made,1,74,82,156,v,Russell 15' Pullup Jump Shot (21 PTS),Made Shot,Pullup Jump shot,1,0
366,503,PT03M35.00S,3,1610612751,BKN,202334,Davis,E. Davis,0,0,0,,0,,,0,v,Davis S.FOUL (P3.PN) (J.Phillips),Foul,Shooting,1,0
367,505,PT03M35.00S,3,1610612755,PHI,1626246,Marjanovic,B. Marjanovic,0,0,0,,0,75,82,157,h,Marjanovic Free Throw 1 of 2 (12 PTS),Free Throw,Free Throw 1 of 2,0,0
368,506,PT03M35.00S,3,1610612755,PHI,204456,McConnell,T. McConnell,0,0,0,,0,,,0,h,SUB: Redick FOR McConnell,Substitution,,0,0
369,507,PT03M35.00S,3,1610612755,PHI,202710,Butler,J. Butler,0,0,0,,0,,,0,h,SUB: B. Simmons FOR Butler,Substitution,,0,0
370,508,PT03M35.00S,3,1610612751,BKN,1626156,Russell,D. Russell,0,0,0,,0,,,0,v,SUB: Carroll FOR Russell,Substitution,,0,0
371,509,PT03M35.00S,3,1610612751,BKN,203925,Harris,J. Harris,0,0,0,,0,,,0,v,SUB: LeVert FOR Harris,Substitution,,0,0
372,514,PT03M35.00S,3,1610612755,PHI,1626246,Marjanovic,B. Marjanovic,0,0,0,,0,76,82,158,h,Marjanovic Free Throw 2 of 2 (13 PTS),Free Throw,Free Throw 2 of 2,0,0
373,516,PT03M16.00S,3,1610612751,BKN,203915,Dinwiddie,S. Dinwiddie,-119,236,26,Made,1,76,85,161,v,Dinwiddie 26' 3PT Pullup Jump Shot (14 PTS),Made Shot,Pullup Jump shot,1,0
374,517,PT03M04.00S,3,1610612755,PHI,200755,Redick,J. Redick,109,240,26,Missed,1,,,0,h,MISS Redick 26' 3PT Pullup Jump Shot,Missed Shot,Pullup Jump shot,1,0
375,518,PT03M02.00S,3,1610612751,BKN,202334,Davis,E. Davis,0,0,0,,0,,,0,v,Davis REBOUND (Off:2 Def:9),Rebound,Unknown,1,0
376,519,PT02M42.00S,3,1610612751,BKN,1627747,LeVert,C. LeVert,20,5,2,Missed,1,,,0,v,MISS LeVert 2' Layup,Missed Shot,Layup Shot,1,0
377,519,PT02M42.00S,3,1610612755,PHI,1626246,Marjanovic,B. Marjanovic,0,0,0,,0,,,0,h,Marjanovic BLOCK (1 BLK),,,1,0
378,521,PT02M38.00S,3,1610612755,PHI,202699,Harris,T. Harris,0,0,0,,0,,,0,h,Harris REBOUND (Off:0 Def:6),Rebound,Unknown,1,0
379,522,PT02M36.00S,3,1610612755,PHI,202699,Harris,T. Harris,27,150,15,Made,1,78,85,163,h,Harris 15' Pullup Jump Shot (4 PTS),Made Shot,Pullup Jump shot,1,0
380,523,PT02M17.00S,3,1610612751,BKN,203915,Dinwiddie,S. Dinwiddie,236,73,25,Missed,1,,,0,v,MISS Dinwiddie 25' 3PT Jump Shot,Missed Shot,Jump Shot,1,0
381,524,PT02M17.00S,3,0,,1610612751,,,0,0,0,,0,,,0,v,Nets Rebound,Rebound,Unknown,0,0
382,525,PT02M17.00S,3,1610612755,PHI,1627732,Simmons,B. Simmons,0,0,0,,0,,,0,h,B. Simmons L.B.FOUL (P4.PN) (J.Phillips),Foul,Loose Ball,1,0
383,527,PT02M17.00S,3,1610612751,BKN,202334,Davis,E. Davis,0,0,0,,0,78,86,164,v,Davis Free Throw 1 of 2 (9 PTS),Free Throw,Free Throw 1 of 2,0,0
384,528,PT02M17.00S,3,1610612755,PHI,1626246,Marjanovic,B. Marjanovic,0,0,0,,0,,,0,h,SUB: Embiid FOR Marjanovic,Substitution,,0,0
385,530,PT02M17.00S,3,1610612751,BKN,202334,Davis,E. Davis,0,0,0,,0,78,87,165,v,Davis Free Throw 2 of 2 (10 PTS),Free Throw,Free Throw 2 of 2,0,0
386,531,PT02M04.00S,3,1610612755,PHI,203118,Scott,M. Scott,212,158,26,Missed,1,,,0,h,MISS Scott 26' 3PT Jump Shot,Missed Shot,Jump Shot,1,0
387,532,PT02M00.00S,3,1610612751,BKN,1627747,LeVert,C. LeVert,0,0,0,,0,,,0,v,LeVert REBOUND (Off:0 Def:3),Rebound,Unknown,1,0
388,533,PT01M57.00S,3,1610612751,BKN,201960,Carroll,D. Carroll,-236,10,24,Missed,1,,,0,v,MISS Carroll 24' 3PT Jump Shot,Missed Shot,Jump Shot,1,0
389,534,PT01M51.00S,3,1610612751,BKN,202334,Davis,E. Davis,0,0,0,,0,,,0,v,Davis REBOUND (Off:3 Def:9),Rebound,Unknown,1,0
390,535,PT01M51.00S,3,1610612751,BKN,202334,Davis,E. Davis,0,-6,1,Made,1,78,89,167,v,Davis 1' Putback Layup (12 PTS),Made Shot,Putback Layup Shot,1,0
391,536,PT01M47.00S,3,1610612751,BKN,201162,Dudley,J. Dudley,0,0,0,,0,,,0,v,Dudley P.FOUL (P3.PN) (J.Phillips),Foul,Personal,1,0
392,538,PT01M47.00S,3,1610612755,PHI,1627732,Simmons,B. Simmons,0,0,0,,0,,,0,h,MISS B. Simmons Free Throw 1 of 2,Free Throw,Free Throw 1 of 2,0,0
393,539,PT01M47.00S,3,0,,1610612755,,,0,0,0,,0,,,0,h,76ERS Rebound,Rebound,Normal Rebound,0,0
394,540,PT01M47.00S,3,1610612751,BKN,202334,Davis,E. Davis,0,0,0,,0,,,0,v,SUB: Graham FOR Davis,Substitution,,0,0
395,542,PT01M47.00S,3,1610612755,PHI,1627732,Simmons,B. Simmons,0,0,0,,0,,,0,h,MISS B. Simmons Free Throw 2 of 2,Free Throw,Free Throw 2 of 2,0,0
396,543,PT01M44.00S,3,1610612751,BKN,1627747,LeVert,C. LeVert,0,0,0,,0,,,0,v,LeVert REBOUND (Off:0 Def:4),Rebound,Unknown,1,0
397,544,PT01M27.00S,3,1610612755,PHI,202699,Harris,T. Harris,0,0,0,,0,,,0,h,Harris S.FOUL (P2.PN) (J.Phillips),Foul,Shooting,1,0
398,546,PT01M27.00S,3,1610612751,BKN,201960,Carroll,D. Carroll,0,0,0,,0,78,90,168,v,Carroll Free Throw 1 of 2 (10 PTS),Free Throw,Free Throw 1 of 2,0,0
399,547,PT01M27.00S,3,1610612751,BKN,201960,Carroll,D. Carroll,0,0,0,,0,78,91,169,v,Carroll Free Throw 2 of 2 (11 PTS),Free Throw,Free Throw 2 of 2,0,0
400,548,PT01M01.00S,3,1610612755,PHI,203954,Embiid,J. Embiid,13,72,7,Made,1,80,91,171,h,Embiid 7' Turnaround Jump Shot (17 PTS) (Harris 6 AST),Made Shot,Turnaround Jump Shot,1,0
401,549,PT00M51.80S,3,1610612751,BKN,1627747,LeVert,C. LeVert,9,8,1,Made,1,80,93,173,v,LeVert 1' Driving Finger Roll Layup (18 PTS),Made Shot,Driving Finger Roll Layup Shot,1,0
402,550,PT00M45.00S,3,1610612755,PHI,1627732,Simmons,B. Simmons,14,5,1,Made,1,82,93,175,h,B. Simmons 1' Alley Oop Layup (5 PTS) (Embiid 2 AST),Made Shot,Alley Oop Layup shot,1,0
403,552,PT00M31.20S,3,1610612751,BKN,203915,Dinwiddie,S. Dinwiddie,31,20,4,Missed,1,,,0,v,MISS Dinwiddie 4' Driving Layup,Missed Shot,Driving Layup Shot,1,0
404,554,PT00M26.80S,3,1610612755,PHI,203118,Scott,M. Scott,0,0,0,,0,,,0,h,Scott REBOUND (Off:0 Def:3),Rebound,Unknown,1,0
405,555,PT00M19.40S,3,1610612755,PHI,203954,Embiid,J. Embiid,0,0,0,,0,,,0,h,Embiid Bad Pass Turnover (P2.T8),Turnover,Bad Pass,1,0
406,555,PT00M19.40S,3,1610612751,BKN,1627747,LeVert,C. LeVert,0,0,0,,0,,,0,v,LeVert STEAL (1 STL),,,1,0
407,557,PT00M01.20S,3,1610612751,BKN,1627747,LeVert,C. LeVert,5,151,15,Missed,1,,,0,v,MISS LeVert 15' Pullup Jump Shot,Missed Shot,Pullup Jump shot,1,0
408,558,PT00M01.20S,3,1610612755,PHI,203118,Scott,M. Scott,0,0,0,,0,,,0,h,Scott REBOUND (Off:0 Def:4),Rebound,Unknown,1,0
409,559,PT00M00.00S,3,0,,0,,,0,0,0,,0,82,93,175,,End of 3rd Period (4:38 PM EST),period,end,1,0
410,563,PT12M00.00S,4,0,,0,,,0,0,0,,0,82,93,175,,Start of 4th Period (4:42 PM EST),period,start,0,0
411,564,PT11M44.00S,4,1610612751,BKN,1627747,LeVert,C. LeVert,-19,0,2,Made,1,82,95,177,v,LeVert 2' Driving Layup (20 PTS),Made Shot,Driving Layup Shot,1,0
412,565,PT11M30.00S,4,1610612755,PHI,200755,Redick,J. Redick,24,258,26,Made,1,85,95,180,h,Redick 26' 3PT Jump Shot (5 PTS) (B. Simmons 3 AST),Made Shot,Jump Shot,1,0
413,567,PT11M06.00S,4,1610612751,BKN,1627747,LeVert,C. LeVert,20,16,3,Missed,1,,,0,v,MISS LeVert 3' Driving Layup,Missed Shot,Driving Layup Shot,1,0
414,567,PT11M06.00S,4,1610612755,PHI,203954,Embiid,J. Embiid,0,0,0,,0,,,0,h,Embiid BLOCK (4 BLK),,,1,0
415,569,PT11M06.00S,4,0,,1610612751,,,0,0,0,,0,,,0,v,Nets Rebound,Rebound,Unknown,0,0
416,571,PT11M01.00S,4,1610612751,BKN,1627747,LeVert,C. LeVert,-165,-1,17,Missed,1,,,0,v,MISS LeVert 17' Jump Shot,Missed Shot,Jump Shot,1,0
417,572,PT10M59.00S,4,1610612751,BKN,201960,Carroll,D. Carroll,0,0,0,,0,,,0,v,Carroll REBOUND (Off:2 Def:3),Rebound,Unknown,1,0
418,573,PT10M57.00S,4,1610612751,BKN,201960,Carroll,D. Carroll,0,0,0,,0,,,0,v,Carroll Bad Pass Turnover (P1.T8),Turnover,Bad Pass,1,0
419,573,PT10M57.00S,4,1610612755,PHI,202710,Butler,J. Butler,0,0,0,,0,,,0,h,Butler STEAL (2 STL),,,1,0
420,575,PT10M54.00S,4,1610612751,BKN,1626203,Graham,T. Graham,0,0,0,,0,,,0,v,Graham P.FOUL (P2.T1) (S.Foster),Foul,Personal,1,0
421,577,PT10M43.00S,4,1610612755,PHI,1627732,Simmons,B. Simmons,0,0,0,,0,,,0,h,B. Simmons Bad Pass Turnover (P2.T9),Turnover,Bad Pass,1,0
422,577,PT10M43.00S,4,1610612751,BKN,1626203,Graham,T. Graham,0,0,0,,0,,,0,v,Graham STEAL (1 STL),,,1,0
423,580,PT10M32.00S,4,1610612751,BKN,203915,Dinwiddie,S. Dinwiddie,85,42,9,Missed,1,,,0,v,MISS Dinwiddie 9' Driving Finger Roll Layup,Missed Shot,Driving Finger Roll Layup Shot,1,0
424,581,PT10M29.00S,4,1610612755,PHI,203954,Embiid,J. Embiid,0,0,0,,0,,,0,h,Embiid REBOUND (Off:3 Def:7),Rebound,Unknown,1,0
425,582,PT10M26.00S,4,1610612755,PHI,203118,Scott,M. Scott,-227,-18,0,Missed,1,,,0,h,MISS Scott 3PT Jump Shot,Missed Shot,Jump Shot,1,0
426,583,PT10M24.00S,4,1610612751,BKN,203915,Dinwiddie,S. Dinwiddie,0,0,0,,0,,,0,v,Dinwiddie REBOUND (Off:1 Def:1),Rebound,Unknown,1,0
427,584,PT10M16.00S,4,1610612755,PHI,200755,Redick,J. Redick,0,0,0,,0,,,0,h,Redick P.FOUL (P5.T1) (T.Ford),Foul,Personal,1,0
428,586,PT10M06.00S,4,1610612751,BKN,201162,Dudley,J. Dudley,43,253,26,Missed,1,,,0,v,MISS Dudley 26' 3PT Jump Shot,Missed Shot,Jump Shot,1,0
429,587,PT10M03.00S,4,1610612755,PHI,202710,Butler,J. Butler,0,0,0,,0,,,0,h,Butler REBOUND (Off:5 Def:2),Rebound,Unknown,1,0
430,588,PT09M57.00S,4,1610612751,BKN,1627747,LeVert,C. LeVert,0,0,0,,0,,,0,v,LeVert P.FOUL (P1.T2) (T.Ford),Foul,Personal,1,0
431,590,PT09M57.00S,4,1610612751,BKN,201162,Dudley,J. Dudley,0,0,0,,0,,,0,v,SUB: Davis FOR Dudley,Substitution,,0,0
432,592,PT09M51.00S,4,1610612755,PHI,203954,Embiid,J. Embiid,9,71,7,Missed,1,,,0,h,MISS Embiid 7' Hook Shot,Missed Shot,Hook Shot,1,0
433,593,PT09M50.00S,4,1610612755,PHI,203954,Embiid,J. Embiid,0,0,0,,0,,,0,h,Embiid REBOUND (Off:4 Def:7),Rebound,Unknown,1,0
434,594,PT09M50.00S,4,1610612751,BKN,202334,Davis,E. Davis,0,0,0,,0,,,0,v,Davis S.FOUL (P4.T3) (S.Foster),Foul,Shooting,1,0
435,596,PT09M50.00S,4,1610612755,PHI,203954,Embiid,J. Embiid,0,0,0,,0,86,95,181,h,Embiid Free Throw 1 of 2 (18 PTS),Free Throw,Free Throw 1 of 2,0,0
436,597,PT09M50.00S,4,1610612755,PHI,203954,Embiid,J. Embiid,0,0,0,,0,,,0,h,MISS Embiid Free Throw 2 of 2,Free Throw,Free Throw 2 of 2,0,0
437,598,PT09M46.00S,4,1610612751,BKN,203915,Dinwiddie,S. Dinwiddie,0,0,0,,0,,,0,v,Dinwiddie REBOUND (Off:1 Def:2),Rebound,Unknown,1,0
438,599,PT09M26.00S,4,1610612751,BKN,1627747,LeVert,C. LeVert,-12,27,3,Missed,1,,,0,v,MISS LeVert 3' Layup,Missed Shot,Layup Shot,1,0
439,601,PT09M23.00S,4,1610612755,PHI,203954,Embiid,J. Embiid,0,0,0,,0,,,0,h,Embiid REBOUND (Off:4 Def:8),Rebound,Unknown,1,0
440,602,PT09M21.00S,4,1610612755,PHI,202710,Butler,J. Butler,181,201,27,Missed,1,,,0,h,MISS Butler 27' 3PT Jump Shot,Missed Shot,Jump Shot,1,0
441,603,PT09M21.00S,4,1610612751,BKN,202334,Davis,E. Davis,0,0,0,,0,,,0,v,Davis REBOUND (Off:3 Def:10),Rebound,Unknown,1,0
442,604,PT09M14.00S,4,1610612751,BKN,201960,Carroll,D. Carroll,-231,11,0,Missed,1,,,0,v,MISS Carroll 3PT Jump Shot,Missed Shot,Jump Shot,1,0
443,604,PT09M14.00S,4,1610612755,PHI,1627732,Simmons,B. Simmons,0,0,0,,0,,,0,h,B. Simmons BLOCK (3 BLK),,,1,0
444,606,PT09M14.00S,4,0,,1610612751,,,0,0,0,,0,,,0,v,Nets Rebound,Rebound,Unknown,0,0
445,608,PT09M14.00S,4,1610612755,PHI,200755,Redick,J. Redick,0,0,0,,0,,,0,h,SUB: Harris FOR Redick,Substitution,,0,0
446,610,PT09M03.00S,4,1610612751,BKN,203915,Dinwiddie,S. Dinwiddie,-8,8,1,Made,1,86,97,183,v,Dinwiddie 1' Driving Reverse Layup (16 PTS),Made Shot,Driving Reverse Layup Shot,1,0
447,611,PT08M51.00S,4,1610612755,PHI,203954,Embiid,J. Embiid,0,0,0,,0,,,0,h,Embiid Bad Pass Turnover (P3.T10),Turnover,Bad Pass,1,0
448,611,PT08M51.00S,4,1610612751,BKN,201960,Carroll,D. Carroll,0,0,0,,0,,,0,v,Carroll STEAL (3 STL),,,1,0
449,613,PT08M45.00S,4,1610612751,BKN,1626203,Graham,T. Graham,198,158,25,Missed,1,,,0,v,MISS Graham 25' 3PT Jump Shot,Missed Shot,Jump Shot,1,0
450,614,PT08M42.00S,4,1610612751,BKN,1626203,Graham,T. Graham,0,0,0,,0,,,0,v,Graham REBOUND (Off:1 Def:0),Rebound,Unknown,1,0
451,615,PT08M40.00S,4,1610612751,BKN,1627747,LeVert,C. LeVert,-12,252,25,Made,1,86,100,186,v,LeVert 25' 3PT Jump Shot (23 PTS) (Graham 1 AST),Made Shot,Jump Shot,1,0
452,617,PT08M40.00S,4,0,,1610612755,,,0,0,0,,0,,,0,h,76ERS Timeout: Regular (Full 4 Short 0),Timeout,Regular,0,0
453,618,PT08M40.00S,4,1610612755,PHI,203954,Embiid,J. Embiid,0,0,0,,0,,,0,h,SUB: McConnell FOR Embiid,Substitution,,0,0
454,619,PT08M40.00S,4,1610612755,PHI,1627732,Simmons,B. Simmons,0,0,0,,0,,,0,h,SUB: Bolden FOR B. Simmons,Substitution,,0,0
455,622,PT08M24.00S,4,1610612755,PHI,202710,Butler,J. Butler,55,225,23,Missed,1,,,0,h,MISS Butler 23' Pullup Jump Shot,Missed Shot,Pullup Jump shot,1,0
456,623,PT08M22.00S,4,1610612751,BKN,202334,Davis,E. Davis,0,0,0,,0,,,0,v,Davis REBOUND (Off:3 Def:11),Rebound,Unknown,1,0
457,624,PT08M12.00S,4,1610612751,BKN,1627747,LeVert,C. LeVert,-14,-6,2,Missed,1,,,0,v,MISS LeVert 2' Layup,Missed Shot,Layup Shot,1,0
458,625,PT08M09.00S,4,1610612755,PHI,202710,Butler,J. Butler,0,0,0,,0,,,0,h,Butler REBOUND (Off:5 Def:3),Rebound,Unknown,1,0
459,626,PT08M02.00S,4,1610612751,BKN,1626203,Graham,T. Graham,0,0,0,,0,,,0,v,Graham P.FOUL (P3.T4) (S.Foster),Foul,Personal,1,0
460,628,PT07M55.00S,4,1610612755,PHI,1628413,Bolden,J. Bolden,107,229,25,Missed,1,,,0,h,MISS Bolden 25' 3PT Jump Shot,Missed Shot,Jump Shot,1,0
461,629,PT07M52.00S,4,1610612751,BKN,201960,Carroll,D. Carroll,0,0,0,,0,,,0,v,Carroll REBOUND (Off:2 Def:4),Rebound,Unknown,1,0
462,630,PT07M32.00S,4,1610612751,BKN,203915,Dinwiddie,S. Dinwiddie,2,0,0,Made,1,86,102,188,v,Dinwiddie Driving Finger Roll Layup (18 PTS),Made Shot,Driving Finger Roll Layup Shot,1,0
463,631,PT07M16.00S,4,1610612755,PHI,202710,Butler,J. Butler,20,19,3,Missed,1,,,0,h,MISS Butler 3' Driving Layup,Missed Shot,Driving Layup Shot,1,0
464,632,PT07M12.00S,4,1610612755,PHI,202710,Butler,J. Butler,0,0,0,,0,,,0,h,Butler REBOUND (Off:6 Def:3),Rebound,Unknown,1,0
465,633,PT07M12.00S,4,1610612755,PHI,202710,Butler,J. Butler,0,-6,1,Made,1,88,102,190,h,Butler 1' Tip Layup Shot (34 PTS),Made Shot,Tip Layup Shot,1,0
466,634,PT06M53.00S,4,1610612751,BKN,203915,Dinwiddie,S. Dinwiddie,204,155,26,Missed,1,,,0,v,MISS Dinwiddie 26' 3PT Jump Shot,Missed Shot,Jump Shot,1,0
467,635,PT06M47.00S,4,1610612755,PHI,202699,Harris,T. Harris,0,0,0,,0,,,0,h,Harris REBOUND (Off:0 Def:7),Rebound,Unknown,1,0
468,638,PT06M33.00S,4,1610612755,PHI,202710,Butler,J. Butler,0,0,0,,0,,,0,h,Butler OFF.Foul (P2) (T.Ford),Foul,Offensive,1,0
469,640,PT06M33.00S,4,1610612755,PHI,202710,Butler,J. Butler,0,0,0,,0,,,0,h,Butler Offensive Foul Turnover (P2.T11),Turnover,Offensive Foul Turnover,1,0
470,641,PT06M33.00S,4,1610612751,BKN,203915,Dinwiddie,S. Dinwiddie,0,0,0,,0,,,0,v,SUB: Russell FOR Dinwiddie,Substitution,,0,0
471,642,PT06M33.00S,4,1610612751,BKN,201960,Carroll,D. Carroll,0,0,0,,0,,,0,v,SUB: Harris FOR Carroll,Substitution,,0,0
472,645,PT06M21.00S,4,1610612751,BKN,1626156,Russell,D. Russell,-112,102,15,Made,1,88,104,192,v,Russell 15' Jump Shot (23 PTS),Made Shot,Jump Shot,1,0
473,646,PT06M20.00S,4,0,,1610612755,,,0,0,0,,0,,,0,h,76ERS Timeout: Regular (Full 5 Short 0),Timeout,Regular,0,0
474,647,PT06M20.00S,4,1610612755,PHI,203118,Scott,M. Scott,0,0,0,,0,,,0,h,SUB: B. Simmons FOR Scott,Substitution,,0,0
475,648,PT06M20.00S,4,1610612755,PHI,204456,McConnell,T. McConnell,0,0,0,,0,,,0,h,SUB: Embiid FOR McConnell,Substitution,,0,0
476,651,PT06M20.00S,4,1610612755,PHI,1628413,Bolden,J. Bolden,0,0,0,,0,,,0,h,SUB: Redick FOR Bolden,Substitution,,0,0
477,653,PT05M59.00S,4,1610612755,PHI,203954,Embiid,J. Embiid,2,0,0,Made,1,90,104,194,h,Embiid Layup (20 PTS),Made Shot,Layup Shot,1,0
478,654,PT05M46.00S,4,1610612751,BKN,1627747,LeVert,C. LeVert,42,86,10,Missed,1,,,0,v,MISS LeVert 10' Jump Shot,Missed Shot,Jump Shot,1,0
479,655,PT05M43.00S,4,1610612755,PHI,203954,Embiid,J. Embiid,0,0,0,,0,,,0,h,Embiid REBOUND (Off:4 Def:9),Rebound,Unknown,1,0
480,656,PT05M28.00S,4,1610612755,PHI,1627732,Simmons,B. Simmons,14,15,2,Made,1,92,104,196,h,B. Simmons 2' Layup (7 PTS) (Embiid 3 AST),Made Shot,Layup Shot,1,0
481,658,PT05M28.00S,4,1610612751,BKN,1627747,LeVert,C. LeVert,0,0,0,,0,,,0,v,LeVert S.FOUL (P2.PN) (J.Phillips),Foul,Shooting,1,0
482,660,PT05M28.00S,4,1610612755,PHI,1627732,Simmons,B. Simmons,0,0,0,,0,,,0,h,MISS B. Simmons Free Throw 1 of 1,Free Throw,Free Throw 1 of 1,0,0
483,661,PT05M25.00S,4,1610612751,BKN,1626203,Graham,T. Graham,0,0,0,,0,,,0,v,Graham REBOUND (Off:1 Def:1),Rebound,Unknown,1,0
484,662,PT05M11.00S,4,1610612755,PHI,200755,Redick,J. Redick,0,0,0,,0,,,0,h,Redick S.FOUL (P6.T2) (J.Phillips),Foul,Shooting,1,0
485,664,PT05M11.00S,4,1610612755,PHI,200755,Redick,J. Redick,0,0,0,,0,,,0,h,SUB: Scott FOR Redick,Substitution,,0,0
486,666,PT05M11.00S,4,1610612751,BKN,1626156,Russell,D. Russell,0,0,0,,0,92,105,197,v,Russell Free Throw 1 of 2 (24 PTS),Free Throw,Free Throw 1 of 2,0,0
487,667,PT05M11.00S,4,1610612751,BKN,1626203,Graham,T. Graham,0,0,0,,0,,,0,v,SUB: Dinwiddie FOR Graham,Substitution,,0,0
488,668,PT05M11.00S,4,1610612751,BKN,1627747,LeVert,C. LeVert,0,0,0,,0,,,0,v,SUB: Dudley FOR LeVert,Substitution,,0,0
489,671,PT05M11.00S,4,1610612751,BKN,1626156,Russell,D. Russell,0,0,0,,0,,,0,v,MISS Russell Free Throw 2 of 2,Free Throw,Free Throw 2 of 2,0,0
490,672,PT05M09.00S,4,1610612755,PHI,203954,Embiid,J. Embiid,0,0,0,,0,,,0,h,Embiid REBOUND (Off:4 Def:10),Rebound,Unknown,1,0
491,673,PT05M02.00S,4,1610612755,PHI,1627732,Simmons,B. Simmons,43,29,5,Missed,1,,,0,h,MISS B. Simmons 5' Layup,Missed Shot,Layup Shot,1,0
492,674,PT05M00.00S,4,1610612751,BKN,202334,Davis,E. Davis,0,0,0,,0,,,0,v,Davis REBOUND (Off:3 Def:12),Rebound,Unknown,1,0
493,675,PT04M48.00S,4,1610612751,BKN,1626156,Russell,D. Russell,-144,225,27,Missed,1,,,0,v,MISS Russell 27' 3PT Jump Shot,Missed Shot,Jump Shot,1,0
494,676,PT04M44.00S,4,1610612755,PHI,203954,Embiid,J. Embiid,0,0,0,,0,,,0,h,Embiid REBOUND (Off:4 Def:11),Rebound,Unknown,1,0
495,677,PT04M37.00S,4,1610612751,BKN,201162,Dudley,J. Dudley,0,0,0,,0,,,0,v,Dudley S.FOUL (P4.PN) (J.Phillips),Foul,Shooting,1,0
496,679,PT04M37.00S,4,1610612755,PHI,203954,Embiid,J. Embiid,0,0,0,,0,93,105,198,h,Embiid Free Throw 1 of 2 (21 PTS),Free Throw,Free Throw 1 of 2,0,0
497,685,PT04M37.00S,4,1610612755,PHI,203954,Embiid,J. Embiid,0,0,0,,0,94,105,199,h,Embiid Free Throw 2 of 2 (22 PTS),Free Throw,Free Throw 2 of 2,0,0
498,680,PT04M13.00S,4,1610612751,BKN,203915,Dinwiddie,S. Dinwiddie,-16,39,4,Missed,1,,,0,v,MISS Dinwiddie 4' Driving Layup,Missed Shot,Driving Layup Shot,1,0
499,680,PT04M13.00S,4,1610612755,PHI,203954,Embiid,J. Embiid,0,0,0,,0,,,0,h,Embiid BLOCK (5 BLK),,,1,0
500,682,PT04M09.00S,4,1610612755,PHI,203118,Scott,M. Scott,0,0,0,,0,,,0,h,Scott REBOUND (Off:0 Def:5),Rebound,Unknown,1,0
501,683,PT04M08.00S,4,1610612755,PHI,1627732,Simmons,B. Simmons,0,0,0,,0,,,0,h,B. Simmons Bad Pass Turnover (P3.T12),Turnover,Bad Pass,1,0
502,683,PT04M08.00S,4,1610612751,BKN,201162,Dudley,J. Dudley,0,0,0,,0,,,0,v,Dudley STEAL (1 STL),,,1,0
503,688,PT04M06.00S,4,1610612755,PHI,203118,Scott,M. Scott,0,0,0,,0,,,0,h,Scott S.FOUL (P4.T3) (S.Foster),Foul,Shooting,1,0
504,690,PT04M06.00S,4,1610612751,BKN,201162,Dudley,J. Dudley,0,0,0,,0,94,106,200,v,Dudley Free Throw 1 of 2 (3 PTS),Free Throw,Free Throw 1 of 2,0,0
505,691,PT04M06.00S,4,1610612751,BKN,201162,Dudley,J. Dudley,0,0,0,,0,94,107,201,v,Dudley Free Throw 2 of 2 (4 PTS),Free Throw,Free Throw 2 of 2,0,0
506,692,PT03M46.00S,4,1610612755,PHI,1627732,Simmons,B. Simmons,8,3,1,Made,1,96,107,203,h,B. Simmons 1' Dunk (9 PTS) (Embiid 4 AST),Made Shot,Dunk Shot,1,0
507,694,PT03M22.00S,4,1610612751,BKN,203925,Harris,J. Harris,-16,-3,2,Made,1,96,109,205,v,Harris 2' Driving Reverse Layup (13 PTS) (Dudley 4 AST),Made Shot,Driving Reverse Layup Shot,1,0
508,696,PT03M08.00S,4,1610612755,PHI,203118,Scott,M. Scott,-214,146,26,Missed,1,,,0,h,MISS Scott 26' 3PT Jump Shot,Missed Shot,Jump Shot,1,0
509,697,PT03M08.00S,4,0,,1610612755,,,0,0,0,,0,,,0,h,76ERS Rebound,Rebound,Unknown,0,0
510,698,PT03M08.00S,4,1610612751,BKN,203915,Dinwiddie,S. Dinwiddie,0,0,0,,0,,,0,v,Dinwiddie L.B.FOUL (P2.PN) (S.Foster),Foul,Loose Ball,1,0
511,700,PT03M08.00S,4,1610612755,PHI,203954,Embiid,J. Embiid,0,0,0,,0,,,0,h,MISS Embiid Free Throw 1 of 2,Free Throw,Free Throw 1 of 2,0,0
512,701,PT03M08.00S,4,0,,1610612755,,,0,0,0,,0,,,0,h,76ERS Rebound,Rebound,Normal Rebound,0,0
513,702,PT03M08.00S,4,0,,1610612751,,,0,0,0,,0,,,0,v,Nets Timeout: Regular (Reg.5 Short 0),Timeout,Regular,0,0
514,703,PT03M08.00S,4,1610612755,PHI,203954,Embiid,J. Embiid,0,0,0,,0,,,0,h,MISS Embiid Free Throw 2 of 2,Free Throw,Free Throw 2 of 2,0,0
515,704,PT03M05.00S,4,1610612751,BKN,202334,Davis,E. Davis,0,0,0,,0,,,0,v,Davis REBOUND (Off:3 Def:13),Rebound,Unknown,1,0
516,718,PT02M47.00S,4,1610612751,BKN,203915,Dinwiddie,S. Dinwiddie,0,0,0,,0,,,0,v,Dinwiddie Out of Bounds Lost Ball Turnover (P1.T9),Turnover,Out of Bounds Lost Ball Turnover,1,0
517,707,PT02M47.00S,4,1610612755,PHI,203954,Embiid,J. Embiid,0,0,0,,0,,,0,h,SUB: Bolden FOR Embiid,Substitution,,0,0
518,709,PT02M47.00S,4,0,,1610612755,,,0,0,0,,0,,,0,h,76ERS Timeout: Regular (Full 6 Short 0),Timeout,Regular,0,0
519,710,PT02M47.00S,4,1610612751,BKN,201162,Dudley,J. Dudley,0,0,0,,0,,,0,v,SUB: Carroll FOR Dudley,Substitution,,0,0
520,711,PT02M47.00S,4,1610612751,BKN,202334,Davis,E. Davis,0,0,0,,0,,,0,v,SUB: Graham FOR Davis,Substitution,,0,0
521,714,PT02M28.00S,4,1610612755,PHI,202710,Butler,J. Butler,-199,30,20,Missed,1,,,0,h,MISS Butler 20' Jump Shot,Missed Shot,Jump Shot,1,0
522,715,PT02M25.00S,4,1610612755,PHI,1628413,Bolden,J. Bolden,0,0,0,,0,,,0,h,Bolden REBOUND (Off:1 Def:0),Rebound,Unknown,1,0
523,716,PT02M23.00S,4,1610612755,PHI,1628413,Bolden,J. Bolden,17,8,2,Made,1,98,109,207,h,Bolden 2' Putback Layup (2 PTS),Made Shot,Putback Layup Shot,1,0
524,717,PT02M03.00S,4,1610612751,BKN,1626156,Russell,D. Russell,-54,110,12,Made,1,98,111,209,v,Russell 12' Pullup Jump Shot (26 PTS),Made Shot,Pullup Jump shot,1,0
525,719,PT01M53.00S,4,1610612751,BKN,1626203,Graham,T. Graham,0,0,0,,0,,,0,v,Graham P.FOUL (P4.PN) (J.Phillips),Foul,Personal,1,0
526,721,PT01M53.00S,4,1610612755,PHI,202710,Butler,J. Butler,0,0,0,,0,99,111,210,h,Butler Free Throw 1 of 2 (35 PTS),Free Throw,Free Throw 1 of 2,0,0
527,722,PT01M53.00S,4,1610612755,PHI,202710,Butler,J. Butler,0,0,0,,0,100,111,211,h,Butler Free Throw 2 of 2 (36 PTS),Free Throw,Free Throw 2 of 2,0,0
528,723,PT01M47.00S,4,0,,1610612751,,,0,0,0,,0,,,0,v,Nets Timeout: Regular (Reg.6 Short 0),Timeout,Regular,0,0
529,724,PT01M42.00S,4,1610612751,BKN,1626156,Russell,D. Russell,0,0,0,,0,,,0,v,Russell Bad Pass Turnover (P4.T10),Turnover,Bad Pass,1,0
530,724,PT01M42.00S,4,1610612755,PHI,1627732,Simmons,B. Simmons,0,0,0,,0,,,0,h,B. Simmons STEAL (1 STL),,,1,0
531,726,PT01M39.00S,4,1610612755,PHI,203118,Scott,M. Scott,0,0,0,,0,,,0,h,Scott Bad Pass Turnover (P1.T13),Turnover,Bad Pass,1,0
532,726,PT01M39.00S,4,1610612751,BKN,1626203,Graham,T. Graham,0,0,0,,0,,,0,v,Graham STEAL (2 STL),,,1,0
533,728,PT01M19.00S,4,1610612751,BKN,203925,Harris,J. Harris,0,0,0,,0,,,0,v,Harris Lost Ball Turnover (P2.T11),Turnover,Lost Ball,1,0
534,728,PT01M19.00S,4,1610612755,PHI,203118,Scott,M. Scott,0,0,0,,0,,,0,h,Scott STEAL (1 STL),,,1,0
535,730,PT01M09.00S,4,1610612755,PHI,202699,Harris,T. Harris,120,232,26,Missed,1,,,0,h,MISS Harris 26' 3PT Jump Shot,Missed Shot,Jump Shot,1,0
536,731,PT01M05.00S,4,1610612751,BKN,1626156,Russell,D. Russell,0,0,0,,0,,,0,v,Russell REBOUND (Off:0 Def:3),Rebound,Unknown,1,0
537,732,PT00M58.50S,4,1610612755,PHI,202710,Butler,J. Butler,0,0,0,,0,,,0,h,Butler P.FOUL (P3.T4) (S.Foster),Foul,Personal,1,0
538,734,PT00M58.50S,4,1610612755,PHI,202710,Butler,J. Butler,0,0,0,,0,,,0,h,SUB: McConnell FOR Butler,Substitution,,0,0
539,735,PT00M58.50S,4,1610612755,PHI,1627732,Simmons,B. Simmons,0,0,0,,0,,,0,h,SUB: Smith FOR B. Simmons,Substitution,,0,0
540,736,PT00M58.50S,4,1610612755,PHI,202699,Harris,T. Harris,0,0,0,,0,,,0,h,SUB: J. Simmons FOR Harris,Substitution,,0,0
541,740,PT00M47.80S,4,1610612751,BKN,1626156,Russell,D. Russell,106,106,15,Missed,1,,,0,v,MISS Russell 15' Jump Shot,Missed Shot,Jump Shot,1,0
542,741,PT00M44.50S,4,1610612755,PHI,203613,Simmons,J. Simmons,0,0,0,,0,,,0,h,J. Simmons REBOUND (Off:1 Def:1),Rebound,Unknown,1,0
543,742,PT00M38.80S,4,1610612755,PHI,203613,Simmons,J. Simmons,14,14,2,Made,1,102,111,213,h,J. Simmons 2' Driving Finger Roll Layup (4 PTS),Made Shot,Driving Finger Roll Layup Shot,1,0
544,743,PT00M14.30S,4,0,,1610612751,,,0,0,0,,0,,,0,v,Nets Turnover: Shot Clock (T#12),Turnover,Shot Clock Turnover,0,0
545,744,PT00M02.50S,4,1610612755,PHI,203118,Scott,M. Scott,-149,214,26,Missed,1,,,0,h,MISS Scott 26' 3PT Jump Shot,Missed Shot,Jump Shot,1,0
546,745,PT00M02.50S,4,1610612751,BKN,203925,Harris,J. Harris,0,0,0,,0,,,0,v,Harris REBOUND (Off:0 Def:3),Rebound,Unknown,1,0
547,746,PT00M00.00S,4,0,,0,,,0,0,0,,0,102,111,213,,End of 4th Period (5:19 PM EST),period,end,1,0
