actionId,actionNumber,clock,period,teamId,teamTricode,personId,playerName,playerNameI,xLegacy,yLegacy,shotDistance,shotResult,isFieldGoal,scoreHome,scoreAway,pointsTotal,location,description,actionType,subType,videoAvailable,shotValue
1,0,PT12M00.00S,1,0,,0,,,0,0,0,,0,0,0,0,,Start of 1st Period (8:00 PM EST),period,start,0,0
2,1,PT12M00.00S,1,1610612737,ATL,2746,Smith,J. Smith,0,0,0,,0,,,0,h,,Jump Ball,,0,0
3,2,PT11M48.00S,1,1610612737,ATL,2044,Collier,J. Collier,-138,99,17,Missed,1,,,0,h,MISS Collier 17' Jump Shot,Missed Shot,Jump Shot,0,0
4,3,PT11M47.00S,1,1610612748,MIA,1800,Jones,D. Jones,0,0,0,,0,,,0,v,D. Jones REBOUND (Off:0 Def:1),Rebound,Unknown,0,0
5,4,PT11M42.00S,1,1610612748,MIA,406,O'Neal,S. O'Neal,0,0,0,Missed,1,,,0,v,MISS O'Neal Layup,Missed Shot,Layup Shot,0,0
6,5,PT11M41.00S,1,1610612748,MIA,2548,Wade,D. Wade,0,0,0,,0,,,0,v,Wade REBOUND (Off:1 Def:0),Rebound,Unknown,0,0
7,6,PT11M25.00S,1,1610612748,MIA,406,O'Neal,S. O'Neal,-67,0,7,Missed,1,,,0,v,MISS O'Neal 7' Jump Shot,Missed Shot,Jump Shot,0,0
8,7,PT11M24.00S,1,1610612748,MIA,2617,Haslem,U. Haslem,0,0,0,,0,,,0,v,Haslem REBOUND (Off:1 Def:0),Rebound,Unknown,0,0
9,8,PT11M08.00S,1,1610612748,MIA,1800,Jones,D. Jones,167,3,17,Made,1,0,2,2,v,D. Jones 17' Jump Shot (2 PTS) (Wade 1 AST),Made Shot,Jump Shot,0,0
10,9,PT10M40.00S,1,1610612737,ATL,952,Walker,A. Walker,-80,15,8,Missed,1,,,0,h,MISS Walker 8' Jump Shot,Missed Shot,Jump Shot,0,0
11,10,PT10M38.00S,1,1610612748,MIA,1000,Anderson,S. Anderson,0,0,0,,0,,,0,v,Anderson REBOUND (Off:0 Def:1),Rebound,Unknown,0,0
12,11,PT10M24.00S,1,1610612748,MIA,2548,Wade,D. Wade,103,5,10,Missed,1,,,0,v,MISS Wade 10' Jump Shot,Missed Shot,Jump Shot,0,0
13,12,PT10M24.00S,1,1610612748,MIA,406,O'Neal,S. O'Neal,0,0,0,,0,,,0,v,O'Neal REBOUND (Off:1 Def:0),Rebound,Unknown,0,0
14,13,PT10M24.00S,1,1610612737,ATL,2044,Collier,J. Collier,0,0,0,,0,,,0,h,Collier P.FOUL (P1.T1),Foul,Personal,0,0
15,14,PT10M18.00S,1,1610612737,ATL,2044,Collier,J. Collier,0,0,0,,0,,,0,h,Collier S.FOUL (P2.T2),Foul,Shooting,0,0
16,15,PT10M18.00S,1,1610612737,ATL,2044,Collier,J. Collier,0,0,0,,0,,,0,h,SUB: Drobnjak FOR Collier,Substitution,,0,0
17,16,PT10M18.00S,1,1610612748,MIA,2548,Wade,D. Wade,0,0,0,,0,0,3,3,v,Wade Free Throw 1 of 2 (1 PTS),Free Throw,Free Throw 1 of 2,0,0
18,17,PT10M18.00S,1,1610612748,MIA,2548,Wade,D. Wade,0,0,0,,0,0,4,4,v,Wade Free Throw 2 of 2 (2 PTS),Free Throw,Free Throw 2 of 2,0,0
19,19,PT10M02.00S,1,1610612737,ATL,2746,Smith,J. Smith,0,0,0,,0,,,0,h,J. Smith Bad Pass Turnover (P1.T1),Turnover,Bad Pass,0,0
20,20,PT09M50.00S,1,1610612737,ATL,1731,Lue,T. Lue,0,0,0,,0,,,0,h,Lue P.FOUL (P1.T3),Foul,Personal,0,0
21,21,PT09M50.00S,1,1610612748,MIA,406,O'Neal,S. O'Neal,0,0,0,,0,,,0,v,SUB: Doleac FOR O'Neal,Substitution,,0,0
22,22,PT09M41.00S,1,1610612748,MIA,2617,Haslem,U. Haslem,0,0,0,Made,1,0,6,6,v,Haslem Dunk (2 PTS) (Wade 2 AST),Made Shot,Dunk Shot,0,0
23,23,PT09M26.00S,1,1610612737,ATL,952,Walker,A. Walker,0,0,0,Made,1,2,6,8,h,Walker Layup (2 PTS) (J. Smith 1 AST),Made Shot,Layup Shot,0,0
24,24,PT09M10.00S,1,1610612748,MIA,1000,Anderson,S. Anderson,-90,2,9,Made,1,2,8,10,v,Anderson 9' Jump Shot (2 PTS) (D. Jones 1 AST),Made Shot,Jump Shot,0,0
25,25,PT08M59.00S,1,1610612737,ATL,1731,Lue,T. Lue,-148,77,17,Missed,1,,,0,h,MISS Lue 17' Jump Shot,Missed Shot,Jump Shot,0,0
26,27,PT08M57.00S,1,1610612737,ATL,1542,Drobnjak,P. Drobnjak,0,0,0,,0,,,0,h,Drobnjak REBOUND (Off:1 Def:0),Rebound,Unknown,0,0
27,26,PT08M57.00S,1,1610612737,ATL,1542,Drobnjak,P. Drobnjak,0,0,0,Missed,1,,,0,h,MISS Drobnjak Layup,Missed Shot,Layup Shot,0,0
28,29,PT08M55.00S,1,1610612748,MIA,1000,Anderson,S. Anderson,0,0,0,,0,,,0,v,Anderson REBOUND (Off:0 Def:2),Rebound,Unknown,0,0
29,30,PT08M52.00S,1,1610612748,MIA,1800,Jones,D. Jones,0,0,0,Missed,1,,,0,v,MISS D. Jones Layup,Missed Shot,Layup Shot,0,0
30,30,PT08M52.00S,1,1610612737,ATL,2746,Smith,J. Smith,0,0,0,,0,,,0,h,J. Smith BLOCK (1 BLK),,,0,0
31,31,PT08M50.00S,1,1610612737,ATL,952,Walker,A. Walker,0,0,0,,0,,,0,h,Walker REBOUND (Off:0 Def:1),Rebound,Unknown,0,0
32,32,PT08M46.00S,1,1610612748,MIA,2548,Wade,D. Wade,0,0,0,,0,,,0,v,Wade S.FOUL (P1.T1),Foul,Shooting,0,0
33,33,PT08M46.00S,1,1610612737,ATL,1733,Harrington,A. Harrington,0,0,0,,0,,,0,h,MISS Harrington Free Throw 1 of 2,Free Throw,Free Throw 1 of 2,0,0
34,34,PT08M46.00S,1,0,,1610612737,,,0,0,0,,0,,,0,h,HAWKS Rebound,Rebound,Normal Rebound,0,0
35,35,PT08M46.00S,1,1610612737,ATL,1733,Harrington,A. Harrington,0,0,0,,0,3,8,11,h,Harrington Free Throw 2 of 2 (1 PTS),Free Throw,Free Throw 2 of 2,0,0
36,37,PT08M27.00S,1,1610612748,MIA,1800,Jones,D. Jones,0,0,0,,0,,,0,v,D. Jones Bad Pass Turnover (P1.T1),Turnover,Bad Pass,0,0
37,37,PT08M27.00S,1,1610612737,ATL,1731,Lue,T. Lue,0,0,0,,0,,,0,h,Lue STEAL (1 STL),,,0,0
38,38,PT08M17.00S,1,1610612737,ATL,1542,Drobnjak,P. Drobnjak,0,0,0,Missed,1,,,0,h,MISS Drobnjak Layup,Missed Shot,Layup Shot,0,0
39,39,PT08M15.00S,1,1610612748,MIA,1000,Anderson,S. Anderson,0,0,0,,0,,,0,v,Anderson REBOUND (Off:0 Def:3),Rebound,Unknown,0,0
40,40,PT08M05.00S,1,1610612748,MIA,1720,Doleac,M. Doleac,-118,141,18,Missed,1,,,0,v,MISS Doleac 18' Jump Shot,Missed Shot,Jump Shot,0,0
41,41,PT08M05.00S,1,0,,1610612737,,,0,0,0,,0,,,0,h,HAWKS Rebound,Rebound,Unknown,0,0
42,42,PT08M05.00S,1,1610612748,MIA,1720,Doleac,M. Doleac,0,0,0,,0,,,0,v,SUB: O'Neal FOR Doleac,Substitution,,0,0
43,43,PT07M52.00S,1,1610612737,ATL,952,Walker,A. Walker,220,118,25,Made,1,6,8,14,h,Walker 25' 3PT Jump Shot (5 PTS) (Lue 1 AST),Made Shot,Jump Shot,0,0
44,45,PT07M42.00S,1,1610612748,MIA,1800,Jones,D. Jones,0,0,0,,0,,,0,v,D. Jones Lost Ball Turnover (P2.T2),Turnover,Lost Ball,0,0
45,45,PT07M42.00S,1,1610612737,ATL,1731,Lue,T. Lue,0,0,0,,0,,,0,h,Lue STEAL (2 STL),,,0,0
46,46,PT07M42.00S,1,1610612748,MIA,2548,Wade,D. Wade,0,0,0,,0,,,0,v,Wade P.FOUL (P2.T2),Foul,Personal,0,0
47,47,PT07M42.00S,1,1610612748,MIA,2548,Wade,D. Wade,0,0,0,,0,,,0,v,SUB: Butler FOR Wade,Substitution,,0,0
48,48,PT07M29.00S,1,1610612737,ATL,1733,Harrington,A. Harrington,128,133,18,Made,1,8,8,16,h,Harrington 18' Jump Shot (3 PTS) (Lue 2 AST),Made Shot,Jump Shot,0,0
49,49,PT07M12.00S,1,1610612737,ATL,1542,Drobnjak,P. Drobnjak,0,0,0,,0,,,0,h,Drobnjak S.FOUL (P1.T4),Foul,Shooting,0,0
50,50,PT07M12.00S,1,1610612748,MIA,406,O'Neal,S. O'Neal,0,0,0,,0,,,0,v,MISS O'Neal Free Throw 1 of 2,Free Throw,Free Throw 1 of 2,0,0
51,51,PT07M12.00S,1,0,,1610612748,,,0,0,0,,0,,,0,v,Heat Rebound,Rebound,Normal Rebound,0,0
52,52,PT07M12.00S,1,1610612748,MIA,406,O'Neal,S. O'Neal,0,0,0,,0,8,9,17,v,O'Neal Free Throw 2 of 2 (1 PTS),Free Throw,Free Throw 2 of 2,0,0
53,53,PT07M04.00S,1,1610612737,ATL,1731,Lue,T. Lue,0,40,4,Made,1,10,9,19,h,Lue 4' Running Jump Shot (2 PTS),Made Shot,Running Jump Shot,0,0
54,54,PT06M43.00S,1,1610612748,MIA,1800,Jones,D. Jones,-148,207,25,Made,1,10,12,22,v,D. Jones 25' 3PT Jump Shot (5 PTS) (O'Neal 1 AST),Made Shot,Jump Shot,0,0
55,55,PT06M23.00S,1,1610612737,ATL,1542,Drobnjak,P. Drobnjak,-240,-6,24,Missed,1,,,0,h,MISS Drobnjak 24' 3PT Jump Shot,Missed Shot,Jump Shot,0,0
56,56,PT06M21.00S,1,1610612748,MIA,2446,Butler,R. Butler,0,0,0,,0,,,0,v,Butler REBOUND (Off:0 Def:1),Rebound,Unknown,0,0
57,57,PT06M16.00S,1,1610612737,ATL,2746,Smith,J. Smith,0,0,0,,0,,,0,h,J. Smith S.FOUL (P1.PN),Foul,Shooting,0,0
58,58,PT06M16.00S,1,1610612748,MIA,406,O'Neal,S. O'Neal,0,0,0,,0,,,0,v,MISS O'Neal Free Throw 1 of 2,Free Throw,Free Throw 1 of 2,0,0
59,59,PT06M16.00S,1,0,,1610612748,,,0,0,0,,0,,,0,v,Heat Rebound,Rebound,Normal Rebound,0,0
60,60,PT06M16.00S,1,1610612748,MIA,406,O'Neal,S. O'Neal,0,0,0,,0,,,0,v,MISS O'Neal Free Throw 2 of 2,Free Throw,Free Throw 2 of 2,0,0
61,61,PT06M15.00S,1,1610612737,ATL,1542,Drobnjak,P. Drobnjak,0,0,0,,0,,,0,h,Drobnjak REBOUND (Off:1 Def:1),Rebound,Unknown,0,0
62,63,PT05M58.00S,1,1610612737,ATL,952,Walker,A. Walker,0,0,0,,0,,,0,h,Walker Lost Ball Turnover (P1.T2),Turnover,Lost Ball,0,0
63,63,PT05M58.00S,1,1610612748,MIA,2617,Haslem,U. Haslem,0,0,0,,0,,,0,v,Haslem STEAL (1 STL),,,0,0
64,64,PT05M38.00S,1,1610612748,MIA,2446,Butler,R. Butler,-169,23,17,Missed,1,,,0,v,MISS Butler 17' Jump Shot,Missed Shot,Jump Shot,0,0
65,65,PT05M36.00S,1,1610612737,ATL,1731,Lue,T. Lue,0,0,0,,0,,,0,h,Lue REBOUND (Off:0 Def:1),Rebound,Unknown,0,0
66,66,PT05M33.00S,1,1610612737,ATL,1733,Harrington,A. Harrington,0,0,0,Made,1,12,12,24,h,Harrington Alley Oop Dunk (5 PTS) (Walker 1 AST),Made Shot,Alley Oop Dunk Shot,0,0
67,67,PT05M15.00S,1,1610612748,MIA,406,O'Neal,S. O'Neal,0,0,0,,0,,,0,v,O'Neal Bad Pass Turnover (P1.T3),Turnover,Bad Pass,0,0
68,67,PT05M15.00S,1,1610612737,ATL,1733,Harrington,A. Harrington,0,0,0,,0,,,0,h,Harrington STEAL (1 STL),,,0,0
69,68,PT05M06.00S,1,1610612737,ATL,1542,Drobnjak,P. Drobnjak,213,148,26,Made,1,15,12,27,h,Drobnjak 26' 3PT Jump Shot (3 PTS) (Walker 2 AST),Made Shot,Jump Shot,0,0
70,69,PT04M45.00S,1,1610612748,MIA,406,O'Neal,S. O'Neal,46,40,6,Missed,1,,,0,v,MISS O'Neal 6' Jump Shot,Missed Shot,Jump Shot,0,0
71,70,PT04M43.00S,1,1610612748,MIA,406,O'Neal,S. O'Neal,0,0,0,,0,,,0,v,O'Neal REBOUND (Off:2 Def:0),Rebound,Unknown,0,0
72,71,PT04M42.00S,1,1610612748,MIA,406,O'Neal,S. O'Neal,0,0,0,Made,1,15,14,29,v,O'Neal Layup (3 PTS),Made Shot,Layup Shot,0,0
73,72,PT04M36.00S,1,0,,1610612737,,,0,0,0,,0,,,0,h,HAWKS Timeout: Regular (Full 1 Short 0),Timeout,Regular,0,0
74,74,PT04M36.00S,1,1610612737,ATL,2746,Smith,J. Smith,0,0,0,,0,,,0,h,SUB: Childress FOR J. Smith,Substitution,,0,0
75,75,PT04M26.00S,1,1610612748,MIA,1000,Anderson,S. Anderson,0,0,0,,0,,,0,v,Anderson S.FOUL (P1.T3),Foul,Shooting,0,0
76,76,PT04M26.00S,1,1610612737,ATL,1733,Harrington,A. Harrington,0,0,0,,0,16,14,30,h,Harrington Free Throw 1 of 2 (6 PTS),Free Throw,Free Throw 1 of 2,0,0
77,77,PT04M26.00S,1,1610612737,ATL,1731,Lue,T. Lue,0,0,0,,0,,,0,h,SUB: Anderson FOR Lue,Substitution,,0,0
78,78,PT04M26.00S,1,1610612737,ATL,1733,Harrington,A. Harrington,0,0,0,,0,17,14,31,h,Harrington Free Throw 2 of 2 (7 PTS),Free Throw,Free Throw 2 of 2,0,0
79,79,PT04M11.00S,1,1610612748,MIA,1800,Jones,D. Jones,-56,243,25,Made,1,17,17,34,v,D. Jones 25' 3PT Jump Shot (8 PTS) (O'Neal 2 AST),Made Shot,Jump Shot,0,0
80,80,PT03M51.00S,1,1610612737,ATL,952,Walker,A. Walker,0,0,0,Made,1,19,17,36,h,Walker Driving Layup (7 PTS),Made Shot,Driving Layup Shot,0,0
81,81,PT03M35.00S,1,1610612748,MIA,406,O'Neal,S. O'Neal,-33,36,5,Made,1,19,19,38,v,O'Neal 5' Jump Shot (5 PTS) (D. Jones 2 AST),Made Shot,Jump Shot,0,0
82,82,PT03M21.00S,1,1610612737,ATL,952,Walker,A. Walker,-184,166,25,Made,1,22,19,41,h,Walker 25' 3PT Jump Shot (10 PTS) (Anderson 1 AST),Made Shot,Jump Shot,0,0
83,83,PT03M06.00S,1,1610612748,MIA,2617,Haslem,U. Haslem,-3,150,15,Made,1,22,21,43,v,Haslem 15' Jump Shot (4 PTS) (D. Jones 3 AST),Made Shot,Jump Shot,0,0
84,84,PT02M56.00S,1,1610612748,MIA,1800,Jones,D. Jones,0,0,0,,0,,,0,v,D. Jones P.FOUL (P1.T4),Foul,Personal,0,0
85,85,PT02M56.00S,1,0,,1610612748,,,0,0,0,,0,,,0,v,Heat Timeout: Regular (Reg.1 Short 0),Timeout,Regular,0,0
86,89,PT02M46.00S,1,1610612737,ATL,1733,Harrington,A. Harrington,0,0,0,Missed,1,,,0,h,MISS Harrington Layup,Missed Shot,Layup Shot,0,0
87,90,PT02M45.00S,1,1610612748,MIA,2446,Butler,R. Butler,0,0,0,,0,,,0,v,Butler REBOUND (Off:0 Def:2),Rebound,Unknown,0,0
88,91,PT02M34.00S,1,1610612748,MIA,406,O'Neal,S. O'Neal,51,10,5,Missed,1,,,0,v,MISS O'Neal 5' Jump Shot,Missed Shot,Jump Shot,0,0
89,93,PT02M31.00S,1,1610612748,MIA,2617,Haslem,U. Haslem,0,0,0,,0,,,0,v,Haslem REBOUND (Off:2 Def:0),Rebound,Unknown,0,0
90,92,PT02M31.00S,1,1610612748,MIA,2617,Haslem,U. Haslem,0,0,0,Made,1,22,23,45,v,Haslem Layup (6 PTS),Made Shot,Layup Shot,0,0
91,94,PT02M19.00S,1,1610612737,ATL,72,Anderson,K. Anderson,153,48,16,Missed,1,,,0,h,MISS Anderson 16' Jump Shot,Missed Shot,Jump Shot,0,0
92,95,PT02M18.00S,1,1610612748,MIA,1000,Anderson,S. Anderson,0,0,0,,0,,,0,v,Anderson REBOUND (Off:0 Def:4),Rebound,Unknown,0,0
93,96,PT02M00.00S,1,1610612748,MIA,2617,Haslem,U. Haslem,0,0,0,Made,1,22,25,47,v,Haslem Layup (8 PTS) (O'Neal 3 AST),Made Shot,Layup Shot,0,0
94,97,PT01M41.00S,1,1610612737,ATL,952,Walker,A. Walker,-82,2,8,Made,1,24,25,49,h,Walker 8' Turnaround Jump Shot (12 PTS),Made Shot,Turnaround Jump Shot,0,0
95,98,PT01M26.00S,1,1610612748,MIA,2617,Haslem,U. Haslem,0,0,0,,0,,,0,v,Haslem Bad Pass Turnover (P1.T4),Turnover,Bad Pass,0,0
96,98,PT01M26.00S,1,1610612737,ATL,1542,Drobnjak,P. Drobnjak,0,0,0,,0,,,0,h,Drobnjak STEAL (1 STL),,,0,0
97,99,PT01M19.00S,1,1610612737,ATL,1733,Harrington,A. Harrington,-151,46,16,Made,1,26,25,51,h,Harrington 16' Jump Shot (9 PTS) (Anderson 2 AST),Made Shot,Jump Shot,0,0
98,100,PT00M57.90S,1,1610612748,MIA,1000,Anderson,S. Anderson,125,5,13,Missed,1,,,0,v,MISS Anderson 13' Jump Shot,Missed Shot,Jump Shot,0,0
99,101,PT00M56.30S,1,1610612748,MIA,1000,Anderson,S. Anderson,0,0,0,,0,,,0,v,Anderson REBOUND (Off:1 Def:4),Rebound,Unknown,0,0
100,102,PT00M55.90S,1,1610612748,MIA,1000,Anderson,S. Anderson,0,0,0,Made,1,26,27,53,v,Anderson Layup (4 PTS),Made Shot,Layup Shot,0,0
101,103,PT00M42.50S,1,1610612748,MIA,1800,Jones,D. Jones,0,0,0,,0,,,0,v,D. Jones P.FOUL (P2.PN),Foul,Personal,0,0
102,104,PT00M42.50S,1,1610612737,ATL,952,Walker,A. Walker,0,0,0,,0,,,0,h,SUB: J. Smith FOR Walker,Substitution,,0,0
103,105,PT00M42.50S,1,1610612748,MIA,1800,Jones,D. Jones,0,0,0,,0,,,0,v,SUB: Dooling FOR D. Jones,Substitution,,0,0
104,106,PT00M42.50S,1,1610612737,ATL,1542,Drobnjak,P. Drobnjak,0,0,0,,0,27,27,54,h,Drobnjak Free Throw 1 of 2 (4 PTS),Free Throw,Free Throw 1 of 2,0,0
105,107,PT00M42.50S,1,1610612737,ATL,1542,Drobnjak,P. Drobnjak,0,0,0,,0,28,27,55,h,Drobnjak Free Throw 2 of 2 (5 PTS),Free Throw,Free Throw 2 of 2,0,0
106,108,PT00M21.90S,1,1610612748,MIA,2446,Butler,R. Butler,140,76,16,Missed,1,,,0,v,MISS Butler 16' Jump Shot,Missed Shot,Jump Shot,0,0
107,109,PT00M19.90S,1,1610612737,ATL,2746,Smith,J. Smith,0,0,0,,0,,,0,h,J. Smith REBOUND (Off:0 Def:1),Rebound,Unknown,0,0
108,110,PT00M04.90S,1,1610612737,ATL,72,Anderson,K. Anderson,61,18,6,Missed,1,,,0,h,MISS Anderson 6' Jump Shot,Missed Shot,Jump Shot,0,0
109,110,PT00M04.90S,1,1610612748,MIA,2039,Dooling,K. Dooling,0,0,0,,0,,,0,v,Dooling BLOCK (1 BLK),,,0,0
110,111,PT00M01.90S,1,1610612748,MIA,406,O'Neal,S. O'Neal,0,0,0,,0,,,0,v,O'Neal REBOUND (Off:2 Def:1),Rebound,Unknown,0,0
111,112,PT00M00.00S,1,1610612748,MIA,2039,Dooling,K. Dooling,61,127,14,Missed,1,,,0,v,MISS Dooling 14' Jump Shot,Missed Shot,Jump Shot,0,0
112,113,PT00M00.00S,1,0,,1610612737,,,0,0,0,,0,,,0,h,HAWKS Rebound,Rebound,Unknown,0,0
113,114,PT00M00.00S,1,0,,0,,,0,0,0,,0,28,27,55,,End of 1st Period (8:25 PM EST),period,end,0,0
114,117,PT12M00.00S,2,0,,0,,,0,0,0,,0,28,27,55,,Start of 2nd Period (8:28 PM EST),period,start,0,0
115,118,PT11M44.00S,2,1610612748,MIA,2446,Butler,R. Butler,0,0,0,Missed,1,,,0,v,MISS Butler Layup,Missed Shot,Layup Shot,0,0
116,118,PT11M44.00S,2,1610612737,ATL,2746,Smith,J. Smith,0,0,0,,0,,,0,h,J. Smith BLOCK (2 BLK),,,0,0
117,119,PT11M42.00S,2,1610612748,MIA,1720,Doleac,M. Doleac,0,0,0,,0,,,0,v,Doleac REBOUND (Off:1 Def:0),Rebound,Unknown,0,0
118,120,PT11M41.00S,2,1610612748,MIA,1720,Doleac,M. Doleac,0,0,0,Missed,1,,,0,v,MISS Doleac Layup,Missed Shot,Layup Shot,0,0
119,122,PT11M37.00S,2,1610612748,MIA,1720,Doleac,M. Doleac,0,0,0,,0,,,0,v,Doleac REBOUND (Off:2 Def:0),Rebound,Unknown,0,0
120,121,PT11M37.00S,2,1610612748,MIA,1720,Doleac,M. Doleac,0,0,0,Missed,1,,,0,v,MISS Doleac Layup,Missed Shot,Layup Shot,0,0
121,121,PT11M37.00S,2,1610612737,ATL,2735,Childress,J. Childress,0,0,0,,0,,,0,h,Childress BLOCK (1 BLK),,,0,0
122,123,PT11M35.00S,2,1610612737,ATL,2735,Childress,J. Childress,0,0,0,,0,,,0,h,Childress REBOUND (Off:0 Def:1),Rebound,Unknown,0,0
123,124,PT11M35.00S,2,1610612737,ATL,2735,Childress,J. Childress,0,0,0,,0,,,0,h,Childress OFF.Foul (P1),Foul,Offensive,0,0
124,125,PT11M35.00S,2,1610612737,ATL,2735,Childress,J. Childress,0,0,0,,0,,,0,h,Childress Foul Turnover (P1.T3),Turnover,Foul,0,0
125,126,PT11M19.00S,2,1610612748,MIA,1720,Doleac,M. Doleac,3,168,17,Missed,1,,,0,v,MISS Doleac 17' Jump Shot,Missed Shot,Jump Shot,0,0
126,128,PT11M17.00S,2,1610612748,MIA,2617,Haslem,U. Haslem,0,0,0,,0,,,0,v,Haslem REBOUND (Off:3 Def:0),Rebound,Unknown,0,0
127,127,PT11M17.00S,2,1610612748,MIA,2617,Haslem,U. Haslem,0,0,0,Missed,1,,,0,v,MISS Haslem Layup,Missed Shot,Layup Shot,0,0
128,129,PT11M13.00S,2,1610612737,ATL,1733,Harrington,A. Harrington,0,0,0,,0,,,0,h,Harrington REBOUND (Off:0 Def:1),Rebound,Unknown,0,0
129,130,PT11M09.00S,2,1610612737,ATL,2746,Smith,J. Smith,0,0,0,Made,1,30,27,57,h,J. Smith Driving Dunk (2 PTS),Made Shot,Driving Dunk Shot,0,0
130,131,PT11M00.00S,2,0,,1610612748,,,0,0,0,,0,,,0,v,Heat Timeout: Regular (Reg.2 Short 0),Timeout,Regular,0,0
131,133,PT10M55.00S,2,1610612748,MIA,2548,Wade,D. Wade,0,0,0,Made,1,30,29,59,v,Wade Driving Dunk (4 PTS),Made Shot,Driving Dunk Shot,0,0
132,134,PT10M55.00S,2,1610612737,ATL,1733,Harrington,A. Harrington,0,0,0,,0,,,0,h,Harrington S.FOUL (P1.T1),Foul,Shooting,0,0
133,136,PT10M55.00S,2,1610612737,ATL,1733,Harrington,A. Harrington,0,0,0,,0,,,0,h,SUB: Walker FOR Harrington,Substitution,,0,0
134,137,PT10M55.00S,2,1610612748,MIA,2548,Wade,D. Wade,0,0,0,,0,30,30,60,v,Wade Free Throw 1 of 1 (5 PTS),Free Throw,Free Throw 1 of 1,0,0
135,138,PT10M34.00S,2,1610612737,ATL,952,Walker,A. Walker,117,69,14,Missed,1,,,0,h,MISS Walker 14' Jump Shot,Missed Shot,Jump Shot,0,0
136,138,PT10M34.00S,2,1610612748,MIA,2617,Haslem,U. Haslem,0,0,0,,0,,,0,v,Haslem BLOCK (1 BLK),,,0,0
137,139,PT10M32.00S,2,1610612748,MIA,2617,Haslem,U. Haslem,0,0,0,,0,,,0,v,Haslem REBOUND (Off:3 Def:1),Rebound,Unknown,0,0
138,140,PT10M21.00S,2,1610612748,MIA,2446,Butler,R. Butler,163,207,26,Missed,1,,,0,v,MISS Butler 26' 3PT Jump Shot,Missed Shot,Jump Shot,0,0
139,141,PT10M19.00S,2,1610612737,ATL,952,Walker,A. Walker,0,0,0,,0,,,0,h,Walker REBOUND (Off:0 Def:2),Rebound,Unknown,0,0
140,142,PT10M09.00S,2,1610612737,ATL,2735,Childress,J. Childress,69,15,7,Missed,1,,,0,h,MISS Childress 7' Jump Shot,Missed Shot,Jump Shot,0,0
141,144,PT10M08.00S,2,1610612737,ATL,2735,Childress,J. Childress,0,0,0,,0,,,0,h,Childress REBOUND (Off:1 Def:1),Rebound,Unknown,0,0
142,143,PT10M08.00S,2,1610612737,ATL,2735,Childress,J. Childress,0,0,0,Missed,1,,,0,h,MISS Childress Layup,Missed Shot,Layup Shot,0,0
143,145,PT10M07.00S,2,1610612748,MIA,2446,Butler,R. Butler,0,0,0,,0,,,0,v,Butler REBOUND (Off:0 Def:3),Rebound,Unknown,0,0
144,146,PT09M57.00S,2,1610612748,MIA,2548,Wade,D. Wade,0,0,0,Made,1,30,32,62,v,Wade Reverse Layup (7 PTS) (Dooling 1 AST),Made Shot,Reverse Layup Shot,0,0
145,147,PT09M44.00S,2,1610612748,MIA,2446,Butler,R. Butler,0,0,0,,0,,,0,v,Butler P.FOUL (P1.T1),Foul,Personal,0,0
146,148,PT09M44.00S,2,1610612737,ATL,72,Anderson,K. Anderson,0,0,0,,0,,,0,h,SUB: Lue FOR Anderson,Substitution,,0,0
147,149,PT09M36.00S,2,1610612737,ATL,1542,Drobnjak,P. Drobnjak,0,0,0,,0,,,0,h,Drobnjak Lost Ball Turnover (P1.T4),Turnover,Lost Ball,0,0
148,149,PT09M36.00S,2,1610612748,MIA,2039,Dooling,K. Dooling,0,0,0,,0,,,0,v,Dooling STEAL (1 STL),,,0,0
149,150,PT09M32.00S,2,1610612748,MIA,2617,Haslem,U. Haslem,0,0,0,Made,1,30,34,64,v,Haslem Layup (10 PTS) (Dooling 2 AST),Made Shot,Layup Shot,0,0
150,151,PT09M32.00S,2,1610612737,ATL,2746,Smith,J. Smith,0,0,0,,0,,,0,h,J. Smith S.FOUL (P2.T2),Foul,Shooting,0,0
151,153,PT09M32.00S,2,1610612737,ATL,1542,Drobnjak,P. Drobnjak,0,0,0,,0,,,0,h,SUB: Ekezie FOR Drobnjak,Substitution,,0,0
152,154,PT09M32.00S,2,1610612748,MIA,2617,Haslem,U. Haslem,0,0,0,,0,30,35,65,v,Haslem Free Throw 1 of 1 (11 PTS),Free Throw,Free Throw 1 of 1,0,0
153,155,PT09M15.00S,2,1610612737,ATL,2746,Smith,J. Smith,0,0,0,,0,,,0,h,SUB: Delk FOR J. Smith,Substitution,,0,0
154,156,PT09M15.00S,2,0,,1610612737,,,0,0,0,,0,,,0,h,HAWKS Timeout: Short (Full 1 Short 1),Timeout,Short,0,0
155,157,PT09M09.00S,2,1610612737,ATL,952,Walker,A. Walker,195,156,25,Made,1,33,35,68,h,Walker 25' 3PT Jump Shot (15 PTS),Made Shot,Jump Shot,0,0
156,158,PT08M47.00S,2,1610612748,MIA,2548,Wade,D. Wade,0,0,0,Missed,1,,,0,v,MISS Wade Layup,Missed Shot,Layup Shot,0,0
157,159,PT08M46.00S,2,1610612737,ATL,952,Walker,A. Walker,0,0,0,,0,,,0,h,Walker REBOUND (Off:0 Def:3),Rebound,Unknown,0,0
158,160,PT08M42.00S,2,1610612737,ATL,952,Walker,A. Walker,0,0,0,,0,,,0,h,Walker Bad Pass Turnover (P2.T5),Turnover,Bad Pass,0,0
159,161,PT08M29.00S,2,1610612748,MIA,2039,Dooling,K. Dooling,-6,118,12,Missed,1,,,0,v,MISS Dooling 12' Jump Shot,Missed Shot,Jump Shot,0,0
160,163,PT08M27.00S,2,1610612748,MIA,2617,Haslem,U. Haslem,0,0,0,,0,,,0,v,Haslem REBOUND (Off:4 Def:1),Rebound,Unknown,0,0
161,162,PT08M27.00S,2,1610612748,MIA,2617,Haslem,U. Haslem,0,0,0,Made,1,33,37,70,v,Haslem Layup (13 PTS),Made Shot,Layup Shot,0,0
162,164,PT08M10.00S,2,1610612748,MIA,2617,Haslem,U. Haslem,0,0,0,,0,,,0,v,Haslem S.FOUL (P1.T2),Foul,Shooting,0,0
163,165,PT08M10.00S,2,1610612737,ATL,2735,Childress,J. Childress,0,0,0,,0,,,0,h,SUB: Harrington FOR Childress,Substitution,,0,0
164,166,PT08M10.00S,2,1610612737,ATL,952,Walker,A. Walker,0,0,0,,0,34,37,71,h,Walker Free Throw 1 of 2 (16 PTS),Free Throw,Free Throw 1 of 2,0,0
165,167,PT08M10.00S,2,1610612748,MIA,1720,Doleac,M. Doleac,0,0,0,,0,,,0,v,SUB: O'Neal FOR Doleac,Substitution,,0,0
166,168,PT08M10.00S,2,1610612748,MIA,2617,Haslem,U. Haslem,0,0,0,,0,,,0,v,SUB: Laettner FOR Haslem,Substitution,,0,0
167,169,PT08M10.00S,2,1610612737,ATL,952,Walker,A. Walker,0,0,0,,0,,,0,h,MISS Walker Free Throw 2 of 2,Free Throw,Free Throw 2 of 2,0,0
168,170,PT08M07.00S,2,0,,1610612748,,,0,0,0,,0,,,0,v,Heat Rebound,Rebound,Unknown,0,0
169,171,PT07M56.00S,2,1610612737,ATL,1918,Ekezie,O. Ekezie,0,0,0,,0,,,0,h,Ekezie S.FOUL (P1.T3),Foul,Shooting,0,0
170,172,PT07M56.00S,2,1610612748,MIA,2548,Wade,D. Wade,0,0,0,,0,34,38,72,v,Wade Free Throw 1 of 2 (8 PTS),Free Throw,Free Throw 1 of 2,0,0
171,173,PT07M56.00S,2,1610612748,MIA,2548,Wade,D. Wade,0,0,0,,0,,,0,v,MISS Wade Free Throw 2 of 2,Free Throw,Free Throw 2 of 2,0,0
172,174,PT07M55.00S,2,1610612737,ATL,1918,Ekezie,O. Ekezie,0,0,0,,0,,,0,h,Ekezie REBOUND (Off:0 Def:1),Rebound,Unknown,0,0
173,175,PT07M40.00S,2,1610612737,ATL,960,Delk,T. Delk,199,166,26,Missed,1,,,0,h,MISS Delk 26' 3PT Jump Shot,Missed Shot,Jump Shot,0,0
174,176,PT07M39.00S,2,0,,1610612748,,,0,0,0,,0,,,0,v,Heat Rebound,Rebound,Unknown,0,0
175,177,PT07M24.00S,2,1610612748,MIA,406,O'Neal,S. O'Neal,-64,17,7,Made,1,34,40,74,v,O'Neal 7' Jump Shot (7 PTS),Made Shot,Jump Shot,0,0
176,178,PT07M01.00S,2,1610612737,ATL,1731,Lue,T. Lue,-117,219,25,Made,1,37,40,77,h,Lue 25' 3PT Jump Shot (5 PTS) (Walker 3 AST),Made Shot,Jump Shot,0,0
177,179,PT06M46.00S,2,1610612748,MIA,2446,Butler,R. Butler,0,0,0,,0,,,0,v,Butler Bad Pass Turnover (P1.T5),Turnover,Bad Pass,0,0
178,179,PT06M46.00S,2,1610612737,ATL,1918,Ekezie,O. Ekezie,0,0,0,,0,,,0,h,Ekezie STEAL (1 STL),,,0,0
179,180,PT06M38.00S,2,1610612737,ATL,952,Walker,A. Walker,-62,8,6,Made,1,39,40,79,h,Walker 6' Running Jump Shot (18 PTS),Made Shot,Running Jump Shot,0,0
180,182,PT06M26.00S,2,1610612748,MIA,2039,Dooling,K. Dooling,0,0,0,,0,,,0,v,Dooling Bad Pass Turnover (P1.T6),Turnover,Bad Pass,0,0
181,182,PT06M26.00S,2,1610612737,ATL,960,Delk,T. Delk,0,0,0,,0,,,0,h,Delk STEAL (1 STL),,,0,0
182,183,PT06M06.00S,2,1610612737,ATL,1731,Lue,T. Lue,5,155,16,Missed,1,,,0,h,MISS Lue 16' Jump Shot,Missed Shot,Jump Shot,0,0
183,184,PT06M04.00S,2,1610612748,MIA,2548,Wade,D. Wade,0,0,0,,0,,,0,v,Wade REBOUND (Off:1 Def:1),Rebound,Unknown,0,0
184,185,PT05M55.00S,2,1610612748,MIA,2446,Butler,R. Butler,0,0,0,,0,,,0,v,Butler OFF.Foul (P2),Foul,Offensive,0,0
185,186,PT05M55.00S,2,1610612748,MIA,2446,Butler,R. Butler,0,0,0,,0,,,0,v,Butler Foul Turnover (P2.T7),Turnover,Foul,0,0
186,187,PT05M55.00S,2,0,,0,,,0,0,0,,0,,,0,,Timeout: Official,Timeout,Official,0,0
187,189,PT05M55.00S,2,1610612748,MIA,2446,Butler,R. Butler,0,0,0,,0,,,0,v,SUB: D. Jones FOR Butler,Substitution,,0,0
188,190,PT05M55.00S,2,1610612748,MIA,2039,Dooling,K. Dooling,0,0,0,,0,,,0,v,SUB: Anderson FOR Dooling,Substitution,,0,0
189,191,PT05M44.00S,2,1610612737,ATL,960,Delk,T. Delk,130,86,16,Made,1,41,40,81,h,Delk 16' Jump Shot (2 PTS) (Walker 4 AST),Made Shot,Jump Shot,0,0
190,192,PT05M32.00S,2,1610612748,MIA,406,O'Neal,S. O'Neal,0,0,0,,0,,,0,v,O'Neal Lost Ball Turnover (P2.T8),Turnover,Lost Ball,0,0
191,192,PT05M32.00S,2,1610612737,ATL,1918,Ekezie,O. Ekezie,0,0,0,,0,,,0,h,Ekezie STEAL (2 STL),,,0,0
192,193,PT05M24.00S,2,1610612737,ATL,1733,Harrington,A. Harrington,0,0,0,Made,1,43,40,83,h,Harrington Dunk (11 PTS) (Walker 5 AST),Made Shot,Dunk Shot,0,0
193,194,PT05M10.00S,2,1610612748,MIA,1800,Jones,D. Jones,0,0,0,,0,,,0,v,D. Jones Bad Pass Turnover (P3.T9),Turnover,Bad Pass,0,0
194,194,PT05M10.00S,2,1610612737,ATL,960,Delk,T. Delk,0,0,0,,0,,,0,h,Delk STEAL (2 STL),,,0,0
195,195,PT05M07.00S,2,1610612737,ATL,960,Delk,T. Delk,0,0,0,Made,1,45,40,85,h,Delk Layup (4 PTS),Made Shot,Layup Shot,0,0
196,196,PT04M55.00S,2,0,,1610612748,,,0,0,0,,0,,,0,v,Heat Timeout: Short (Reg.2 Short 1),Timeout,Short,0,0
197,199,PT04M46.00S,2,1610612748,MIA,406,O'Neal,S. O'Neal,-48,33,6,Made,1,45,42,87,v,O'Neal 6' Jump Shot (9 PTS) (D. Jones 4 AST),Made Shot,Jump Shot,0,0
198,200,PT04M25.00S,2,1610612737,ATL,960,Delk,T. Delk,140,222,26,Missed,1,,,0,h,MISS Delk 26' 3PT Jump Shot,Missed Shot,Jump Shot,0,0
199,201,PT04M25.00S,2,0,,1610612748,,,0,0,0,,0,,,0,v,Heat Rebound,Rebound,Unknown,0,0
200,203,PT04M06.00S,2,1610612748,MIA,1800,Jones,D. Jones,163,202,26,Made,1,45,45,90,v,D. Jones 26' 3PT Jump Shot (11 PTS) (O'Neal 4 AST),Made Shot,Jump Shot,0,0
201,204,PT03M43.00S,2,1610612737,ATL,960,Delk,T. Delk,118,138,18,Missed,1,,,0,h,MISS Delk 18' Jump Shot,Missed Shot,Jump Shot,0,0
202,205,PT03M41.00S,2,1610612748,MIA,363,Laettner,C. Laettner,0,0,0,,0,,,0,v,Laettner REBOUND (Off:0 Def:1),Rebound,Unknown,0,0
203,206,PT03M27.00S,2,1610612748,MIA,1800,Jones,D. Jones,-3,248,25,Missed,1,,,0,v,MISS D. Jones 25' 3PT Jump Shot,Missed Shot,Jump Shot,0,0
204,207,PT03M26.00S,2,1610612737,ATL,952,Walker,A. Walker,0,0,0,,0,,,0,h,Walker REBOUND (Off:0 Def:4),Rebound,Unknown,0,0
205,208,PT03M17.00S,2,1610612737,ATL,952,Walker,A. Walker,-233,23,0,Missed,1,,,0,h,MISS Walker 3PT Jump Shot,Missed Shot,Jump Shot,0,0
206,209,PT03M17.00S,2,0,,1610612748,,,0,0,0,,0,,,0,v,Heat Rebound,Rebound,Unknown,0,0
207,210,PT03M17.00S,2,1610612737,ATL,960,Delk,T. Delk,0,0,0,,0,,,0,h,SUB: J. Smith FOR Delk,Substitution,,0,0
208,211,PT03M01.00S,2,1610612748,MIA,1000,Anderson,S. Anderson,0,0,0,Missed,1,,,0,v,MISS Anderson Layup,Missed Shot,Layup Shot,0,0
209,211,PT03M01.00S,2,1610612737,ATL,952,Walker,A. Walker,0,0,0,,0,,,0,h,Walker BLOCK (1 BLK),,,0,0
210,212,PT02M58.00S,2,1610612737,ATL,952,Walker,A. Walker,0,0,0,,0,,,0,h,Walker REBOUND (Off:0 Def:5),Rebound,Unknown,0,0
211,213,PT02M57.00S,2,1610612737,ATL,2746,Smith,J. Smith,0,0,0,Made,1,47,45,92,h,J. Smith Layup (4 PTS) (Walker 6 AST),Made Shot,Layup Shot,0,0
212,214,PT02M37.00S,2,1610612748,MIA,2548,Wade,D. Wade,0,0,0,Missed,1,,,0,v,MISS Wade Layup,Missed Shot,Layup Shot,0,0
213,215,PT02M37.00S,2,0,,1610612737,,,0,0,0,,0,,,0,h,HAWKS Rebound,Rebound,Unknown,0,0
214,216,PT02M37.00S,2,1610612748,MIA,406,O'Neal,S. O'Neal,0,0,0,,0,,,0,v,O'Neal L.B.FOUL (P1.T3),Foul,Loose Ball,0,0
215,217,PT02M37.00S,2,0,,1610612737,,,0,0,0,,0,,,0,h,HAWKS Timeout: Regular (Full 2 Short 1),Timeout,Regular,0,0
216,218,PT02M37.00S,2,1610612737,ATL,1918,Ekezie,O. Ekezie,0,0,0,,0,,,0,h,SUB: Collier FOR Ekezie,Substitution,,0,0
217,219,PT02M37.00S,2,1610612748,MIA,363,Laettner,C. Laettner,0,0,0,,0,,,0,v,SUB: Haslem FOR Laettner,Substitution,,0,0
218,220,PT02M20.00S,2,1610612737,ATL,1731,Lue,T. Lue,0,0,0,Made,1,49,45,94,h,Lue Driving Layup (7 PTS),Made Shot,Driving Layup Shot,0,0
219,221,PT02M02.00S,2,1610612748,MIA,2617,Haslem,U. Haslem,0,0,0,Made,1,49,47,96,v,Haslem Layup (15 PTS) (O'Neal 5 AST),Made Shot,Layup Shot,0,0
220,222,PT01M46.00S,2,1610612737,ATL,2746,Smith,J. Smith,140,114,18,Missed,1,,,0,h,MISS J. Smith 18' Jump Shot,Missed Shot,Jump Shot,0,0
221,223,PT01M44.00S,2,1610612748,MIA,1800,Jones,D. Jones,0,0,0,,0,,,0,v,D. Jones REBOUND (Off:0 Def:2),Rebound,Unknown,0,0
222,224,PT01M39.00S,2,1610612748,MIA,1000,Anderson,S. Anderson,-3,48,5,Made,1,49,49,98,v,Anderson 5' Running Jump Shot (6 PTS) (D. Jones 5 AST),Made Shot,Running Jump Shot,0,0
223,225,PT01M39.00S,2,1610612737,ATL,2746,Smith,J. Smith,0,0,0,,0,,,0,h,J. Smith S.FOUL (P3.T4),Foul,Shooting,0,0
224,226,PT01M39.00S,2,1610612737,ATL,2746,Smith,J. Smith,0,0,0,,0,,,0,h,SUB: Childress FOR J. Smith,Substitution,,0,0
225,227,PT01M39.00S,2,1610612748,MIA,2548,Wade,D. Wade,0,0,0,,0,,,0,v,SUB: Butler FOR Wade,Substitution,,0,0
226,228,PT01M39.00S,2,1610612748,MIA,1000,Anderson,S. Anderson,0,0,0,,0,49,50,99,v,Anderson Free Throw 1 of 1 (7 PTS),Free Throw,Free Throw 1 of 1,0,0
227,230,PT01M25.00S,2,1610612737,ATL,952,Walker,A. Walker,0,0,0,,0,,,0,h,Walker Bad Pass Turnover (P3.T6),Turnover,Bad Pass,0,0
228,230,PT01M25.00S,2,1610612748,MIA,1000,Anderson,S. Anderson,0,0,0,,0,,,0,v,Anderson STEAL (1 STL),,,0,0
229,231,PT01M11.00S,2,1610612748,MIA,406,O'Neal,S. O'Neal,46,41,6,Missed,1,,,0,v,MISS O'Neal 6' Jump Shot,Missed Shot,Jump Shot,0,0
230,232,PT01M09.00S,2,1610612737,ATL,1733,Harrington,A. Harrington,0,0,0,,0,,,0,h,Harrington REBOUND (Off:0 Def:2),Rebound,Unknown,0,0
231,233,PT01M09.00S,2,1610612737,ATL,1731,Lue,T. Lue,0,0,0,,0,,,0,h,Lue Out of Bounds Lost Ball Turnover (P1.T7),Turnover,Out of Bounds Lost Ball Turnover,0,0
232,236,PT01M02.00S,2,1610612737,ATL,2044,Collier,J. Collier,0,0,0,,0,,,0,h,Collier S.FOUL (P3.PN),Foul,Shooting,0,0
233,237,PT01M02.00S,2,1610612748,MIA,2617,Haslem,U. Haslem,0,0,0,,0,49,51,100,v,Haslem Free Throw 1 of 2 (16 PTS),Free Throw,Free Throw 1 of 2,0,0
234,238,PT01M02.00S,2,1610612737,ATL,2044,Collier,J. Collier,0,0,0,,0,,,0,h,SUB: Drobnjak FOR Collier,Substitution,,0,0
235,239,PT01M02.00S,2,1610612748,MIA,1800,Jones,D. Jones,0,0,0,,0,,,0,v,SUB: Dooling FOR D. Jones,Substitution,,0,0
236,240,PT01M02.00S,2,1610612748,MIA,2617,Haslem,U. Haslem,0,0,0,,0,49,52,101,v,Haslem Free Throw 2 of 2 (17 PTS),Free Throw,Free Throw 2 of 2,0,0
237,241,PT00M45.30S,2,1610612737,ATL,1542,Drobnjak,P. Drobnjak,-105,114,15,Made,1,51,52,103,h,Drobnjak 15' Jump Shot (7 PTS) (Childress 1 AST),Made Shot,Jump Shot,0,0
238,242,PT00M38.80S,2,1610612737,ATL,1733,Harrington,A. Harrington,0,0,0,,0,,,0,h,Harrington P.FOUL (P2.PN),Foul,Personal,0,0
239,243,PT00M38.80S,2,1610612737,ATL,1542,Drobnjak,P. Drobnjak,0,0,0,,0,,,0,h,SUB: Ekezie FOR Drobnjak,Substitution,,0,0
240,244,PT00M38.80S,2,1610612748,MIA,2039,Dooling,K. Dooling,0,0,0,,0,51,53,104,v,Dooling Free Throw 1 of 2 (1 PTS),Free Throw,Free Throw 1 of 2,0,0
241,245,PT00M38.80S,2,1610612748,MIA,2039,Dooling,K. Dooling,0,0,0,,0,51,54,105,v,Dooling Free Throw 2 of 2 (2 PTS),Free Throw,Free Throw 2 of 2,0,0
242,246,PT00M33.90S,2,1610612748,MIA,2039,Dooling,K. Dooling,0,0,0,,0,,,0,v,Dooling P.FOUL (P1.T4),Foul,Personal,0,0
243,247,PT00M16.80S,2,1610612737,ATL,1733,Harrington,A. Harrington,-153,0,15,Missed,1,,,0,h,MISS Harrington 15' Jump Shot,Missed Shot,Jump Shot,0,0
244,248,PT00M14.90S,2,1610612748,MIA,406,O'Neal,S. O'Neal,0,0,0,,0,,,0,v,O'Neal REBOUND (Off:2 Def:2),Rebound,Unknown,0,0
245,250,PT00M00.00S,2,1610612748,MIA,2039,Dooling,K. Dooling,-133,25,14,Missed,1,,,0,v,MISS Dooling 14' Jump Shot,Missed Shot,Jump Shot,0,0
246,251,PT00M00.00S,2,1610612748,MIA,406,O'Neal,S. O'Neal,0,0,0,,0,,,0,v,O'Neal REBOUND (Off:3 Def:2),Rebound,Unknown,0,0
247,252,PT00M00.00S,2,0,,0,,,0,0,0,,0,51,54,105,,End of 2nd Period (8:58 PM EST),period,end,0,0
248,254,PT12M00.00S,3,0,,0,,,0,0,0,,0,51,54,105,,Start of 3rd Period (9:15 PM EST),period,start,0,0
249,255,PT11M46.00S,3,1610612748,MIA,406,O'Neal,S. O'Neal,-31,46,6,Made,1,51,56,107,v,O'Neal 6' Jump Shot (11 PTS) (Anderson 1 AST),Made Shot,Jump Shot,0,0
250,256,PT11M18.00S,3,1610612737,ATL,2746,Smith,J. Smith,-145,150,21,Made,1,53,56,109,h,J. Smith 21' Jump Shot (6 PTS) (Harrington 1 AST),Made Shot,Jump Shot,0,0
251,257,PT11M05.00S,3,1610612737,ATL,2746,Smith,J. Smith,0,0,0,,0,,,0,h,J. Smith P.FOUL (P4.T1),Foul,Personal,0,0
252,258,PT10M57.00S,3,1610612737,ATL,952,Walker,A. Walker,0,0,0,,0,,,0,h,Walker S.FOUL (P1.T2),Foul,Shooting,0,0
253,259,PT10M57.00S,3,1610612737,ATL,2746,Smith,J. Smith,0,0,0,,0,,,0,h,SUB: Childress FOR J. Smith,Substitution,,0,0
254,260,PT10M57.00S,3,1610612748,MIA,2548,Wade,D. Wade,0,0,0,,0,53,57,110,v,Wade Free Throw 1 of 2 (9 PTS),Free Throw,Free Throw 1 of 2,0,0
255,261,PT10M57.00S,3,1610612748,MIA,2548,Wade,D. Wade,0,0,0,,0,53,58,111,v,Wade Free Throw 2 of 2 (10 PTS),Free Throw,Free Throw 2 of 2,0,0
256,262,PT10M44.00S,3,1610612737,ATL,2044,Collier,J. Collier,-156,41,16,Missed,1,,,0,h,MISS Collier 16' Jump Shot,Missed Shot,Jump Shot,0,0
257,263,PT10M41.00S,3,1610612748,MIA,2617,Haslem,U. Haslem,0,0,0,,0,,,0,v,Haslem REBOUND (Off:4 Def:2),Rebound,Unknown,0,0
258,264,PT10M33.00S,3,1610612748,MIA,1000,Anderson,S. Anderson,-33,56,7,Made,1,53,60,113,v,Anderson 7' Jump Shot (9 PTS) (Haslem 1 AST),Made Shot,Jump Shot,0,0
259,265,PT10M26.00S,3,0,,1610612737,,,0,0,0,,0,,,0,h,HAWKS Timeout: Regular (Full 3 Short 1),Timeout,Regular,0,0
260,266,PT10M19.00S,3,1610612737,ATL,952,Walker,A. Walker,0,0,0,,0,,,0,h,Walker Lost Ball Turnover (P4.T8),Turnover,Lost Ball,0,0
261,266,PT10M19.00S,3,1610612748,MIA,2617,Haslem,U. Haslem,0,0,0,,0,,,0,v,Haslem STEAL (2 STL),,,0,0
262,267,PT10M10.00S,3,1610612748,MIA,1800,Jones,D. Jones,-90,230,25,Missed,1,,,0,v,MISS D. Jones 25' 3PT Jump Shot,Missed Shot,Jump Shot,0,0
263,268,PT10M08.00S,3,1610612748,MIA,2617,Haslem,U. Haslem,0,0,0,,0,,,0,v,Haslem REBOUND (Off:5 Def:2),Rebound,Unknown,0,0
264,269,PT09M58.00S,3,1610612737,ATL,1733,Harrington,A. Harrington,0,0,0,,0,,,0,h,Harrington S.FOUL (P3.T3),Foul,Shooting,0,0
265,270,PT09M58.00S,3,1610612748,MIA,1000,Anderson,S. Anderson,0,0,0,,0,53,61,114,v,Anderson Free Throw 1 of 2 (10 PTS),Free Throw,Free Throw 1 of 2,0,0
266,272,PT09M58.00S,3,1610612737,ATL,2044,Collier,J. Collier,0,0,0,,0,,,0,h,SUB: Ekezie FOR Collier,Substitution,,0,0
267,273,PT09M58.00S,3,1610612748,MIA,1000,Anderson,S. Anderson,0,0,0,,0,53,62,115,v,Anderson Free Throw 2 of 2 (11 PTS),Free Throw,Free Throw 2 of 2,0,0
268,274,PT09M45.00S,3,1610612737,ATL,952,Walker,A. Walker,84,2,8,Made,1,55,62,117,h,Walker 8' Jump Shot (20 PTS),Made Shot,Jump Shot,0,0
269,275,PT09M26.00S,3,1610612748,MIA,1000,Anderson,S. Anderson,140,5,14,Made,1,55,64,119,v,Anderson 14' Jump Shot (13 PTS) (Haslem 2 AST),Made Shot,Jump Shot,0,0
270,276,PT09M09.00S,3,1610612737,ATL,1731,Lue,T. Lue,-56,238,24,Made,1,58,64,122,h,Lue 24' 3PT Jump Shot (10 PTS) (Childress 2 AST),Made Shot,Jump Shot,0,0
271,277,PT08M55.00S,3,1610612737,ATL,1918,Ekezie,O. Ekezie,0,0,0,,0,,,0,h,Ekezie P.FOUL (P2.T4),Foul,Personal,0,0
272,278,PT08M51.00S,3,1610612748,MIA,406,O'Neal,S. O'Neal,0,0,0,Made,1,58,66,124,v,O'Neal Alley Oop Dunk (13 PTS) (Wade 3 AST),Made Shot,Alley Oop Dunk Shot,0,0
273,279,PT08M32.00S,3,1610612737,ATL,1731,Lue,T. Lue,105,100,15,Missed,1,,,0,h,MISS Lue 15' Jump Shot,Missed Shot,Jump Shot,0,0
274,280,PT08M30.00S,3,1610612737,ATL,1731,Lue,T. Lue,0,0,0,,0,,,0,h,Lue REBOUND (Off:1 Def:1),Rebound,Unknown,0,0
275,281,PT08M28.00S,3,1610612748,MIA,2617,Haslem,U. Haslem,0,0,0,,0,,,0,v,Haslem S.FOUL (P2.T1),Foul,Shooting,0,0
276,282,PT08M28.00S,3,1610612737,ATL,952,Walker,A. Walker,0,0,0,,0,,,0,h,MISS Walker Free Throw 1 of 2,Free Throw,Free Throw 1 of 2,0,0
277,283,PT08M28.00S,3,0,,1610612737,,,0,0,0,,0,,,0,h,HAWKS Rebound,Rebound,Normal Rebound,0,0
278,284,PT08M28.00S,3,1610612737,ATL,952,Walker,A. Walker,0,0,0,,0,59,66,125,h,Walker Free Throw 2 of 2 (21 PTS),Free Throw,Free Throw 2 of 2,0,0
279,285,PT08M15.00S,3,1610612748,MIA,2548,Wade,D. Wade,0,0,0,Missed,1,,,0,v,MISS Wade Layup,Missed Shot,Layup Shot,0,0
280,285,PT08M15.00S,3,1610612737,ATL,2735,Childress,J. Childress,0,0,0,,0,,,0,h,Childress BLOCK (2 BLK),,,0,0
281,286,PT08M13.00S,3,1610612737,ATL,2735,Childress,J. Childress,0,0,0,,0,,,0,h,Childress REBOUND (Off:1 Def:2),Rebound,Unknown,0,0
282,287,PT08M10.00S,3,1610612737,ATL,2735,Childress,J. Childress,0,0,0,,0,,,0,h,Childress Bad Pass Turnover (P2.T9),Turnover,Bad Pass,0,0
283,287,PT08M10.00S,3,1610612748,MIA,2617,Haslem,U. Haslem,0,0,0,,0,,,0,v,Haslem STEAL (3 STL),,,0,0
284,288,PT08M06.00S,3,1610612748,MIA,2548,Wade,D. Wade,0,0,0,Made,1,59,68,127,v,Wade Dunk (12 PTS) (D. Jones 6 AST),Made Shot,Dunk Shot,0,0
285,290,PT07M59.00S,3,1610612748,MIA,2617,Haslem,U. Haslem,0,0,0,,0,,,0,v,Haslem P.FOUL (P3.T2),Foul,Personal,0,0
286,291,PT07M54.00S,3,1610612737,ATL,1733,Harrington,A. Harrington,0,0,0,Made,1,61,68,129,h,Harrington Dunk (13 PTS) (Lue 3 AST),Made Shot,Dunk Shot,0,0
287,292,PT07M34.00S,3,1610612748,MIA,406,O'Neal,S. O'Neal,-11,43,4,Made,1,61,70,131,v,O'Neal 4' Jump Shot (15 PTS) (D. Jones 7 AST),Made Shot,Jump Shot,0,0
288,293,PT07M11.00S,3,1610612748,MIA,406,O'Neal,S. O'Neal,0,0,0,,0,,,0,v,O'Neal S.FOUL (P2.T3),Foul,Shooting,0,0
289,294,PT07M11.00S,3,1610612737,ATL,1918,Ekezie,O. Ekezie,0,0,0,,0,,,0,h,MISS Ekezie Free Throw 1 of 2,Free Throw,Free Throw 1 of 2,0,0
290,295,PT07M11.00S,3,0,,1610612737,,,0,0,0,,0,,,0,h,HAWKS Rebound,Rebound,Normal Rebound,0,0
291,296,PT07M11.00S,3,1610612737,ATL,1918,Ekezie,O. Ekezie,0,0,0,,0,,,0,h,MISS Ekezie Free Throw 2 of 2,Free Throw,Free Throw 2 of 2,0,0
292,297,PT07M10.00S,3,1610612748,MIA,2617,Haslem,U. Haslem,0,0,0,,0,,,0,v,Haslem REBOUND (Off:5 Def:3),Rebound,Unknown,0,0
293,299,PT06M57.00S,3,1610612748,MIA,2548,Wade,D. Wade,0,0,0,Made,1,61,72,133,v,Wade Driving Layup (14 PTS),Made Shot,Driving Layup Shot,0,0
294,300,PT06M32.00S,3,1610612737,ATL,1733,Harrington,A. Harrington,135,-1,14,Missed,1,,,0,h,MISS Harrington 14' Jump Shot,Missed Shot,Jump Shot,0,0
295,301,PT06M30.00S,3,1610612748,MIA,406,O'Neal,S. O'Neal,0,0,0,,0,,,0,v,O'Neal REBOUND (Off:3 Def:3),Rebound,Unknown,0,0
296,302,PT06M28.00S,3,1610612737,ATL,1731,Lue,T. Lue,0,0,0,,0,,,0,h,Lue P.FOUL (P2.PN),Foul,Personal,0,0
297,303,PT06M28.00S,3,1610612737,ATL,2735,Childress,J. Childress,0,0,0,,0,,,0,h,SUB: Delk FOR Childress,Substitution,,0,0
298,304,PT06M28.00S,3,1610612748,MIA,1000,Anderson,S. Anderson,0,0,0,,0,61,73,134,v,Anderson Free Throw 1 of 2 (14 PTS),Free Throw,Free Throw 1 of 2,0,0
299,305,PT06M28.00S,3,1610612748,MIA,1000,Anderson,S. Anderson,0,0,0,,0,61,74,135,v,Anderson Free Throw 2 of 2 (15 PTS),Free Throw,Free Throw 2 of 2,0,0
300,306,PT06M13.00S,3,1610612737,ATL,952,Walker,A. Walker,0,0,0,,0,,,0,h,Walker Bad Pass Turnover (P5.T10),Turnover,Bad Pass,0,0
301,306,PT06M13.00S,3,1610612748,MIA,1800,Jones,D. Jones,0,0,0,,0,,,0,v,D. Jones STEAL (1 STL),,,0,0
302,307,PT06M07.00S,3,1610612748,MIA,406,O'Neal,S. O'Neal,0,0,0,Made,1,61,76,137,v,O'Neal Dunk (17 PTS) (Wade 4 AST),Made Shot,Dunk Shot,0,0
303,308,PT06M07.00S,3,1610612737,ATL,952,Walker,A. Walker,0,0,0,,0,,,0,h,Walker S.FOUL (P2.PN),Foul,Shooting,0,0
304,309,PT06M07.00S,3,1610612748,MIA,406,O'Neal,S. O'Neal,0,0,0,,0,61,77,138,v,O'Neal Free Throw 1 of 1 (18 PTS),Free Throw,Free Throw 1 of 1,0,0
305,311,PT05M52.00S,3,1610612748,MIA,406,O'Neal,S. O'Neal,0,0,0,,0,,,0,v,O'Neal S.FOUL (P3.T4),Foul,Shooting,0,0
306,314,PT05M52.00S,3,1610612737,ATL,1918,Ekezie,O. Ekezie,0,0,0,,0,62,77,139,h,Ekezie Free Throw 1 of 2 (1 PTS),Free Throw,Free Throw 1 of 2,0,0
307,315,PT05M52.00S,3,1610612748,MIA,406,O'Neal,S. O'Neal,0,0,0,,0,,,0,v,SUB: Doleac FOR O'Neal,Substitution,,0,0
308,316,PT05M52.00S,3,1610612737,ATL,1918,Ekezie,O. Ekezie,0,0,0,,0,63,77,140,h,Ekezie Free Throw 2 of 2 (2 PTS),Free Throw,Free Throw 2 of 2,0,0
309,317,PT05M43.00S,3,1610612748,MIA,1800,Jones,D. Jones,0,0,0,,0,,,0,v,D. Jones Bad Pass Turnover (P4.T10),Turnover,Bad Pass,0,0
310,317,PT05M43.00S,3,1610612737,ATL,1918,Ekezie,O. Ekezie,0,0,0,,0,,,0,h,Ekezie STEAL (3 STL),,,0,0
311,318,PT05M29.00S,3,1610612737,ATL,1731,Lue,T. Lue,220,123,25,Made,1,66,77,143,h,Lue 25' 3PT Jump Shot (13 PTS) (Walker 7 AST),Made Shot,Jump Shot,0,0
312,319,PT05M05.00S,3,1610612737,ATL,960,Delk,T. Delk,0,0,0,,0,,,0,h,Delk P.FOUL (P1.PN),Foul,Personal,0,0
313,320,PT05M05.00S,3,1610612748,MIA,2548,Wade,D. Wade,0,0,0,,0,66,78,144,v,Wade Free Throw 1 of 2 (15 PTS),Free Throw,Free Throw 1 of 2,0,0
314,321,PT05M05.00S,3,1610612748,MIA,2548,Wade,D. Wade,0,0,0,,0,66,79,145,v,Wade Free Throw 2 of 2 (16 PTS),Free Throw,Free Throw 2 of 2,0,0
315,323,PT04M51.00S,3,1610612737,ATL,960,Delk,T. Delk,0,0,0,,0,,,0,h,Delk Bad Pass Turnover (P1.T11),Turnover,Bad Pass,0,0
316,324,PT04M35.00S,3,1610612748,MIA,2548,Wade,D. Wade,0,0,0,,0,,,0,v,Wade Bad Pass Turnover (P1.T11),Turnover,Bad Pass,0,0
317,324,PT04M35.00S,3,1610612737,ATL,960,Delk,T. Delk,0,0,0,,0,,,0,h,Delk STEAL (3 STL),,,0,0
318,325,PT04M30.00S,3,1610612737,ATL,952,Walker,A. Walker,0,0,0,Made,1,68,79,147,h,Walker Driving Layup (23 PTS),Made Shot,Driving Layup Shot,0,0
319,326,PT04M20.00S,3,1610612748,MIA,2548,Wade,D. Wade,0,0,0,,0,,,0,v,Wade Double Dribble Turnover (P2.T12),Turnover,Double Dribble,0,0
320,327,PT04M04.00S,3,1610612737,ATL,1733,Harrington,A. Harrington,0,0,0,,0,,,0,h,Harrington Lost Ball Turnover (P1.T12),Turnover,Lost Ball,0,0
321,327,PT04M04.00S,3,1610612748,MIA,1800,Jones,D. Jones,0,0,0,,0,,,0,v,D. Jones STEAL (2 STL),,,0,0
322,328,PT03M58.00S,3,1610612748,MIA,2548,Wade,D. Wade,0,0,0,,0,,,0,v,Wade Traveling Turnover (P3.T13),Turnover,Traveling,0,0
323,329,PT03M42.00S,3,1610612748,MIA,2617,Haslem,U. Haslem,0,0,0,,0,,,0,v,Haslem S.FOUL (P4.PN),Foul,Shooting,0,0
324,330,PT03M42.00S,3,1610612737,ATL,1918,Ekezie,O. Ekezie,0,0,0,,0,,,0,h,SUB: Drobnjak FOR Ekezie,Substitution,,0,0
325,331,PT03M42.00S,3,1610612748,MIA,2617,Haslem,U. Haslem,0,0,0,,0,,,0,v,SUB: Laettner FOR Haslem,Substitution,,0,0
326,332,PT03M42.00S,3,1610612737,ATL,952,Walker,A. Walker,0,0,0,,0,,,0,h,MISS Walker Free Throw 1 of 2,Free Throw,Free Throw 1 of 2,0,0
327,333,PT03M42.00S,3,0,,1610612737,,,0,0,0,,0,,,0,h,HAWKS Rebound,Rebound,Normal Rebound,0,0
328,334,PT03M42.00S,3,1610612737,ATL,952,Walker,A. Walker,0,0,0,,0,,,0,h,MISS Walker Free Throw 2 of 2,Free Throw,Free Throw 2 of 2,0,0
329,335,PT03M40.00S,3,1610612737,ATL,952,Walker,A. Walker,0,0,0,,0,,,0,h,Walker REBOUND (Off:1 Def:5),Rebound,Unknown,0,0
330,336,PT03M38.00S,3,1610612737,ATL,952,Walker,A. Walker,-15,66,7,Missed,1,,,0,h,MISS Walker 7' Jump Shot,Missed Shot,Jump Shot,0,0
331,337,PT03M36.00S,3,1610612748,MIA,2548,Wade,D. Wade,0,0,0,,0,,,0,v,Wade REBOUND (Off:1 Def:2),Rebound,Unknown,0,0
332,338,PT03M19.00S,3,1610612748,MIA,2548,Wade,D. Wade,-161,0,16,Missed,1,,,0,v,MISS Wade 16' Jump Shot,Missed Shot,Jump Shot,0,0
333,339,PT03M18.00S,3,1610612737,ATL,1542,Drobnjak,P. Drobnjak,0,0,0,,0,,,0,h,Drobnjak REBOUND (Off:1 Def:2),Rebound,Unknown,0,0
334,340,PT03M02.00S,3,1610612737,ATL,952,Walker,A. Walker,236,97,26,Made,1,71,79,150,h,Walker 26' 3PT Jump Shot (26 PTS) (Lue 4 AST),Made Shot,Jump Shot,0,0
335,341,PT02M54.00S,3,0,,1610612748,,,0,0,0,,0,,,0,v,Heat Timeout: Regular (Reg.3 Short 1),Timeout,Regular,0,0
336,344,PT02M42.00S,3,1610612748,MIA,1800,Jones,D. Jones,-120,220,25,Missed,1,,,0,v,MISS D. Jones 25' 3PT Jump Shot,Missed Shot,Jump Shot,0,0
337,345,PT02M40.00S,3,1610612737,ATL,1731,Lue,T. Lue,0,0,0,,0,,,0,h,Lue REBOUND (Off:1 Def:2),Rebound,Unknown,0,0
338,346,PT02M29.00S,3,1610612737,ATL,1733,Harrington,A. Harrington,0,0,0,Made,1,73,79,152,h,Harrington Layup (15 PTS) (Lue 5 AST),Made Shot,Layup Shot,0,0
339,347,PT02M12.00S,3,1610612748,MIA,1720,Doleac,M. Doleac,0,0,0,,0,,,0,v,Doleac Bad Pass Turnover (P1.T14),Turnover,Bad Pass,0,0
340,347,PT02M12.00S,3,1610612737,ATL,960,Delk,T. Delk,0,0,0,,0,,,0,h,Delk STEAL (4 STL),,,0,0
341,348,PT02M06.00S,3,1610612737,ATL,952,Walker,A. Walker,-232,110,26,Made,1,76,79,155,h,Walker 26' 3PT Jump Shot (29 PTS) (Lue 6 AST),Made Shot,Jump Shot,0,0
342,349,PT01M50.00S,3,1610612748,MIA,1800,Jones,D. Jones,-10,146,15,Made,1,76,81,157,v,D. Jones 15' Jump Shot (13 PTS),Made Shot,Jump Shot,0,0
343,350,PT01M27.00S,3,1610612737,ATL,1731,Lue,T. Lue,64,132,15,Made,1,78,81,159,h,Lue 15' Jump Shot (15 PTS),Made Shot,Jump Shot,0,0
344,352,PT01M06.00S,3,1610612748,MIA,2548,Wade,D. Wade,0,0,0,,0,,,0,v,Wade Double Dribble Turnover (P4.T15),Turnover,Double Dribble,0,0
345,353,PT00M52.00S,3,1610612737,ATL,1733,Harrington,A. Harrington,0,0,0,,0,,,0,h,Harrington Bad Pass Turnover (P2.T13),Turnover,Bad Pass,0,0
346,354,PT00M38.90S,3,1610612748,MIA,2548,Wade,D. Wade,0,0,0,Missed,1,,,0,v,MISS Wade Layup,Missed Shot,Layup Shot,0,0
347,354,PT00M38.90S,3,1610612737,ATL,1542,Drobnjak,P. Drobnjak,0,0,0,,0,,,0,h,Drobnjak BLOCK (1 BLK),,,0,0
348,355,PT00M37.50S,3,1610612748,MIA,2548,Wade,D. Wade,0,0,0,,0,,,0,v,Wade REBOUND (Off:2 Def:2),Rebound,Unknown,0,0
349,356,PT00M33.90S,3,1610612748,MIA,2548,Wade,D. Wade,0,0,0,Missed,1,,,0,v,MISS Wade Layup,Missed Shot,Layup Shot,0,0
350,357,PT00M32.90S,3,1610612737,ATL,952,Walker,A. Walker,0,0,0,,0,,,0,h,Walker REBOUND (Off:1 Def:6),Rebound,Unknown,0,0
351,358,PT00M27.40S,3,1610612737,ATL,1731,Lue,T. Lue,0,0,0,Made,1,80,81,161,h,Lue Layup (17 PTS) (Walker 8 AST),Made Shot,Layup Shot,0,0
352,359,PT00M06.40S,3,1610612748,MIA,1800,Jones,D. Jones,-71,138,16,Missed,1,,,0,v,MISS D. Jones 16' Jump Shot,Missed Shot,Jump Shot,0,0
353,360,PT00M06.40S,3,0,,1610612737,,,0,0,0,,0,,,0,h,HAWKS Rebound,Rebound,Unknown,0,0
354,361,PT00M06.40S,3,1610612748,MIA,1720,Doleac,M. Doleac,0,0,0,,0,,,0,v,Doleac L.B.FOUL (P1.PN),Foul,Loose Ball,0,0
355,362,PT00M06.40S,3,1610612737,ATL,952,Walker,A. Walker,0,0,0,,0,81,81,162,h,Walker Free Throw 1 of 2 (30 PTS),Free Throw,Free Throw 1 of 2,0,0
356,363,PT00M06.40S,3,1610612737,ATL,1733,Harrington,A. Harrington,0,0,0,,0,,,0,h,SUB: Childress FOR Harrington,Substitution,,0,0
357,365,PT00M06.40S,3,1610612737,ATL,952,Walker,A. Walker,0,0,0,,0,82,81,163,h,Walker Free Throw 2 of 2 (31 PTS),Free Throw,Free Throw 2 of 2,0,0
358,366,PT00M00.30S,3,1610612748,MIA,1000,Anderson,S. Anderson,0,0,0,Made,1,82,83,165,v,Anderson Dunk (17 PTS) (Wade 5 AST),Made Shot,Dunk Shot,0,0
359,367,PT00M00.30S,3,1610612737,ATL,2735,Childress,J. Childress,0,0,0,,0,,,0,h,Childress S.FOUL (P2.PN),Foul,Shooting,0,0
360,368,PT00M00.30S,3,1610612748,MIA,1000,Anderson,S. Anderson,0,0,0,,0,82,84,166,v,Anderson Free Throw 1 of 1 (18 PTS),Free Throw,Free Throw 1 of 1,0,0
361,369,PT00M00.00S,3,0,,0,,,0,0,0,,0,82,84,166,,End of 3rd Period (9:44 PM EST),period,end,0,0
362,371,PT12M00.00S,4,0,,0,,,0,0,0,,0,82,84,166,,Start of 4th Period (9:47 PM EST),period,start,0,0
363,372,PT11M47.00S,4,1610612737,ATL,1542,Drobnjak,P. Drobnjak,-166,22,17,Missed,1,,,0,h,MISS Drobnjak 17' Jump Shot,Missed Shot,Jump Shot,0,0
364,373,PT11M45.00S,4,1610612748,MIA,2617,Haslem,U. Haslem,0,0,0,,0,,,0,v,Haslem REBOUND (Off:5 Def:4),Rebound,Unknown,0,0
365,374,PT11M30.00S,4,1610612737,ATL,952,Walker,A. Walker,0,0,0,,0,,,0,h,Walker P.FOUL (P3.T1),Foul,Personal,0,0
366,375,PT11M20.00S,4,1610612748,MIA,406,O'Neal,S. O'Neal,-8,41,4,Made,1,82,86,168,v,O'Neal 4' Jump Shot (20 PTS),Made Shot,Jump Shot,0,0
367,376,PT11M00.00S,4,1610612748,MIA,2446,Butler,R. Butler,0,0,0,,0,,,0,v,Butler P.FOUL (P3.T1),Foul,Personal,0,0
368,377,PT10M47.00S,4,1610612737,ATL,952,Walker,A. Walker,100,247,27,Made,1,85,86,171,h,Walker 27' 3PT Jump Shot (34 PTS) (Lue 7 AST),Made Shot,Jump Shot,0,0
369,378,PT10M29.00S,4,1610612748,MIA,1000,Anderson,S. Anderson,61,122,14,Made,1,85,88,173,v,Anderson 14' Jump Shot (20 PTS) (O'Neal 6 AST),Made Shot,Jump Shot,0,0
370,379,PT10M06.00S,4,1610612737,ATL,952,Walker,A. Walker,0,0,0,,0,,,0,h,Walker OFF.Foul (P4),Foul,Offensive,0,0
371,380,PT10M06.00S,4,1610612737,ATL,952,Walker,A. Walker,0,0,0,,0,,,0,h,Walker Foul Turnover (P6.T14),Turnover,Foul,0,0
372,381,PT09M46.00S,4,1610612748,MIA,406,O'Neal,S. O'Neal,8,61,6,Made,1,85,90,175,v,O'Neal 6' Jump Shot (22 PTS),Made Shot,Jump Shot,0,0
373,382,PT09M38.00S,4,0,,1610612737,,,0,0,0,,0,,,0,h,HAWKS Timeout: Regular (Full 4 Short 1),Timeout,Regular,0,0
374,386,PT09M26.00S,4,1610612737,ATL,1731,Lue,T. Lue,-131,56,14,Missed,1,,,0,h,MISS Lue 14' Jump Shot,Missed Shot,Jump Shot,0,0
375,387,PT09M24.00S,4,1610612748,MIA,1000,Anderson,S. Anderson,0,0,0,,0,,,0,v,Anderson REBOUND (Off:1 Def:5),Rebound,Unknown,0,0
376,388,PT09M07.00S,4,1610612748,MIA,2446,Butler,R. Butler,-99,227,25,Made,1,85,93,178,v,Butler 25' 3PT Jump Shot (3 PTS) (O'Neal 7 AST),Made Shot,Jump Shot,0,0
377,389,PT08M48.00S,4,1610612748,MIA,2446,Butler,R. Butler,0,0,0,,0,,,0,v,Butler S.FOUL (P4.T2),Foul,Shooting,0,0
378,390,PT08M48.00S,4,1610612737,ATL,952,Walker,A. Walker,0,0,0,,0,86,93,179,h,Walker Free Throw 1 of 2 (35 PTS),Free Throw,Free Throw 1 of 2,0,0
379,391,PT08M48.00S,4,1610612737,ATL,952,Walker,A. Walker,0,0,0,,0,87,93,180,h,Walker Free Throw 2 of 2 (36 PTS),Free Throw,Free Throw 2 of 2,0,0
380,392,PT08M31.00S,4,1610612737,ATL,1542,Drobnjak,P. Drobnjak,0,0,0,,0,,,0,h,Drobnjak S.FOUL (P2.T2),Foul,Shooting,0,0
381,393,PT08M31.00S,4,1610612748,MIA,406,O'Neal,S. O'Neal,0,0,0,,0,87,94,181,v,O'Neal Free Throw 1 of 2 (23 PTS),Free Throw,Free Throw 1 of 2,0,0
382,394,PT08M31.00S,4,1610612748,MIA,406,O'Neal,S. O'Neal,0,0,0,,0,87,95,182,v,O'Neal Free Throw 2 of 2 (24 PTS),Free Throw,Free Throw 2 of 2,0,0
383,395,PT08M14.00S,4,1610612737,ATL,960,Delk,T. Delk,181,178,25,Made,1,90,95,185,h,Delk 25' 3PT Jump Shot (7 PTS) (Drobnjak 1 AST),Made Shot,Jump Shot,0,0
384,396,PT07M53.00S,4,1610612737,ATL,1542,Drobnjak,P. Drobnjak,0,0,0,,0,,,0,h,Drobnjak S.FOUL (P3.T3),Foul,Shooting,0,0
385,397,PT07M53.00S,4,1610612748,MIA,406,O'Neal,S. O'Neal,0,0,0,,0,90,96,186,v,O'Neal Free Throw 1 of 2 (25 PTS),Free Throw,Free Throw 1 of 2,0,0
386,398,PT07M53.00S,4,1610612748,MIA,406,O'Neal,S. O'Neal,0,0,0,,0,90,97,187,v,O'Neal Free Throw 2 of 2 (26 PTS),Free Throw,Free Throw 2 of 2,0,0
387,399,PT07M30.00S,4,1610612737,ATL,1542,Drobnjak,P. Drobnjak,16,257,26,Missed,1,,,0,h,MISS Drobnjak 26' 3PT Jump Shot,Missed Shot,Jump Shot,0,0
388,400,PT07M28.00S,4,1610612748,MIA,2617,Haslem,U. Haslem,0,0,0,,0,,,0,v,Haslem REBOUND (Off:5 Def:5),Rebound,Unknown,0,0
389,401,PT07M15.00S,4,1610612748,MIA,406,O'Neal,S. O'Neal,-43,-6,4,Missed,1,,,0,v,MISS O'Neal 4' Jump Shot,Missed Shot,Jump Shot,0,0
390,402,PT07M12.00S,4,1610612737,ATL,1542,Drobnjak,P. Drobnjak,0,0,0,,0,,,0,h,Drobnjak REBOUND (Off:1 Def:3),Rebound,Unknown,0,0
391,403,PT07M05.00S,4,1610612748,MIA,2446,Butler,R. Butler,0,0,0,,0,,,0,v,Butler P.FOUL (P5.T3),Foul,Personal,0,0
392,404,PT07M05.00S,4,0,,1610612737,,,0,0,0,,0,,,0,h,HAWKS Timeout: Short (Full 4 Short 2),Timeout,Short,0,0
393,406,PT07M05.00S,4,1610612748,MIA,2446,Butler,R. Butler,0,0,0,,0,,,0,v,SUB: Wade FOR Butler,Substitution,,0,0
394,407,PT06M55.00S,4,1610612737,ATL,952,Walker,A. Walker,-89,10,9,Missed,1,,,0,h,MISS Walker 9' Jump Shot,Missed Shot,Jump Shot,0,0
395,408,PT06M54.00S,4,1610612748,MIA,2617,Haslem,U. Haslem,0,0,0,,0,,,0,v,Haslem REBOUND (Off:5 Def:6),Rebound,Unknown,0,0
396,409,PT06M40.00S,4,1610612737,ATL,1542,Drobnjak,P. Drobnjak,0,0,0,,0,,,0,h,Drobnjak S.FOUL (P4.T4),Foul,Shooting,0,0
397,410,PT06M40.00S,4,1610612748,MIA,2039,Dooling,K. Dooling,0,0,0,,0,,,0,v,SUB: D. Jones FOR Dooling,Substitution,,0,0
398,411,PT06M40.00S,4,1610612748,MIA,406,O'Neal,S. O'Neal,0,0,0,,0,,,0,v,MISS O'Neal Free Throw 1 of 2,Free Throw,Free Throw 1 of 2,0,0
399,412,PT06M40.00S,4,0,,1610612748,,,0,0,0,,0,,,0,v,Heat Rebound,Rebound,Normal Rebound,0,0
400,413,PT06M40.00S,4,1610612748,MIA,406,O'Neal,S. O'Neal,0,0,0,,0,,,0,v,MISS O'Neal Free Throw 2 of 2,Free Throw,Free Throw 2 of 2,0,0
401,414,PT06M39.00S,4,1610612737,ATL,952,Walker,A. Walker,0,0,0,,0,,,0,h,Walker REBOUND (Off:1 Def:7),Rebound,Unknown,0,0
402,415,PT06M28.00S,4,1610612737,ATL,960,Delk,T. Delk,240,-8,24,Missed,1,,,0,h,MISS Delk 24' 3PT Jump Shot,Missed Shot,Jump Shot,0,0
403,415,PT06M28.00S,4,1610612748,MIA,2548,Wade,D. Wade,0,0,0,,0,,,0,v,Wade BLOCK (1 BLK),,,0,0
404,416,PT06M25.00S,4,1610612748,MIA,2548,Wade,D. Wade,0,0,0,,0,,,0,v,Wade REBOUND (Off:2 Def:3),Rebound,Unknown,0,0
405,417,PT06M21.00S,4,1610612748,MIA,1800,Jones,D. Jones,0,0,0,Made,1,90,99,189,v,D. Jones Layup (15 PTS),Made Shot,Layup Shot,0,0
406,418,PT06M18.00S,4,0,,1610612737,,,0,0,0,,0,,,0,h,HAWKS Timeout: Regular (Full 5 Short 2),Timeout,Regular,0,0
407,420,PT06M18.00S,4,1610612737,ATL,960,Delk,T. Delk,0,0,0,,0,,,0,h,SUB: J. Smith FOR Delk,Substitution,,0,0
408,421,PT06M00.00S,4,1610612737,ATL,1542,Drobnjak,P. Drobnjak,-118,109,16,Made,1,92,99,191,h,Drobnjak 16' Jump Shot (9 PTS) (Harrington 2 AST),Made Shot,Jump Shot,0,0
409,423,PT05M40.00S,4,1610612748,MIA,1800,Jones,D. Jones,-31,250,25,Made,1,92,102,194,v,D. Jones 25' 3PT Jump Shot (18 PTS) (Anderson 2 AST),Made Shot,Jump Shot,0,0
410,424,PT05M14.00S,4,1610612737,ATL,2746,Smith,J. Smith,-145,7,15,Made,1,94,102,196,h,J. Smith 15' Jump Shot (8 PTS),Made Shot,Jump Shot,0,0
411,425,PT04M57.00S,4,0,,1610612748,,,0,0,0,,0,,,0,v,Heat Timeout: Regular (Reg.4 Short 1),Timeout,Regular,0,0
412,427,PT04M53.00S,4,1610612748,MIA,2548,Wade,D. Wade,0,0,0,,0,,,0,v,Wade Discontinue Dribble Turnover (P5.T16),Turnover,Discontinue Dribble,0,0
413,428,PT04M41.00S,4,1610612737,ATL,952,Walker,A. Walker,0,0,0,,0,,,0,h,Walker Bad Pass Turnover (P7.T15),Turnover,Bad Pass,0,0
414,429,PT04M22.00S,4,1610612748,MIA,1800,Jones,D. Jones,-195,171,26,Missed,1,,,0,v,MISS D. Jones 26' 3PT Jump Shot,Missed Shot,Jump Shot,0,0
415,431,PT04M19.00S,4,1610612748,MIA,406,O'Neal,S. O'Neal,0,0,0,,0,,,0,v,O'Neal REBOUND (Off:4 Def:3),Rebound,Unknown,0,0
416,430,PT04M19.00S,4,1610612748,MIA,406,O'Neal,S. O'Neal,0,0,0,Missed,1,,,0,v,MISS O'Neal Tip Shot,Missed Shot,Tip Shot,0,0
417,432,PT04M17.00S,4,1610612737,ATL,2746,Smith,J. Smith,0,0,0,,0,,,0,h,J. Smith REBOUND (Off:0 Def:2),Rebound,Unknown,0,0
418,433,PT04M13.00S,4,1610612737,ATL,1542,Drobnjak,P. Drobnjak,-36,12,4,Missed,1,,,0,h,MISS Drobnjak 4' Jump Shot,Missed Shot,Jump Shot,0,0
419,434,PT04M09.00S,4,1610612748,MIA,1000,Anderson,S. Anderson,0,0,0,,0,,,0,v,Anderson REBOUND (Off:1 Def:6),Rebound,Unknown,0,0
420,435,PT04M08.00S,4,1610612737,ATL,1731,Lue,T. Lue,0,0,0,,0,,,0,h,Lue S.FOUL (P3.PN),Foul,Shooting,0,0
421,436,PT04M08.00S,4,1610612748,MIA,2548,Wade,D. Wade,0,0,0,,0,,,0,v,MISS Wade Free Throw 1 of 2,Free Throw,Free Throw 1 of 2,0,0
422,437,PT04M08.00S,4,0,,1610612748,,,0,0,0,,0,,,0,v,Heat Rebound,Rebound,Normal Rebound,0,0
423,438,PT04M08.00S,4,1610612748,MIA,2548,Wade,D. Wade,0,0,0,,0,94,103,197,v,Wade Free Throw 2 of 2 (17 PTS),Free Throw,Free Throw 2 of 2,0,0
424,439,PT03M54.00S,4,1610612737,ATL,1731,Lue,T. Lue,38,66,8,Missed,1,,,0,h,MISS Lue 8' Jump Shot,Missed Shot,Jump Shot,0,0
425,440,PT03M53.00S,4,1610612748,MIA,1800,Jones,D. Jones,0,0,0,,0,,,0,v,D. Jones REBOUND (Off:0 Def:3),Rebound,Unknown,0,0
426,441,PT03M39.00S,4,1610612748,MIA,2617,Haslem,U. Haslem,-156,2,16,Missed,1,,,0,v,MISS Haslem 16' Jump Shot,Missed Shot,Jump Shot,0,0
427,442,PT03M37.00S,4,1610612737,ATL,1733,Harrington,A. Harrington,0,0,0,,0,,,0,h,Harrington REBOUND (Off:0 Def:3),Rebound,Unknown,0,0
428,443,PT03M27.00S,4,1610612737,ATL,2746,Smith,J. Smith,64,15,7,Missed,1,,,0,h,MISS J. Smith 7' Jump Shot,Missed Shot,Jump Shot,0,0
429,443,PT03M27.00S,4,1610612748,MIA,406,O'Neal,S. O'Neal,0,0,0,,0,,,0,v,O'Neal BLOCK (1 BLK),,,0,0
430,444,PT03M24.00S,4,1610612748,MIA,2617,Haslem,U. Haslem,0,0,0,,0,,,0,v,Haslem REBOUND (Off:5 Def:7),Rebound,Unknown,0,0
431,445,PT03M17.00S,4,1610612737,ATL,1731,Lue,T. Lue,0,0,0,,0,,,0,h,Lue P.FOUL (P4.PN),Foul,Personal,0,0
432,446,PT03M17.00S,4,1610612748,MIA,1000,Anderson,S. Anderson,0,0,0,,0,,,0,v,MISS Anderson Free Throw 1 of 2,Free Throw,Free Throw 1 of 2,0,0
433,447,PT03M17.00S,4,0,,1610612748,,,0,0,0,,0,,,0,v,Heat Rebound,Rebound,Normal Rebound,0,0
434,448,PT03M17.00S,4,1610612737,ATL,1542,Drobnjak,P. Drobnjak,0,0,0,,0,,,0,h,SUB: Ekezie FOR Drobnjak,Substitution,,0,0
435,450,PT03M17.00S,4,1610612748,MIA,1000,Anderson,S. Anderson,0,0,0,,0,94,104,198,v,Anderson Free Throw 2 of 2 (21 PTS),Free Throw,Free Throw 2 of 2,0,0
436,451,PT03M01.00S,4,1610612737,ATL,1733,Harrington,A. Harrington,-141,-6,14,Missed,1,,,0,h,MISS Harrington 14' Jump Shot,Missed Shot,Jump Shot,0,0
437,452,PT02M59.00S,4,1610612748,MIA,1000,Anderson,S. Anderson,0,0,0,,0,,,0,v,Anderson REBOUND (Off:1 Def:7),Rebound,Unknown,0,0
438,453,PT02M41.00S,4,1610612748,MIA,406,O'Neal,S. O'Neal,-44,36,6,Missed,1,,,0,v,MISS O'Neal 6' Jump Shot,Missed Shot,Jump Shot,0,0
439,454,PT02M39.00S,4,1610612737,ATL,952,Walker,A. Walker,0,0,0,,0,,,0,h,Walker REBOUND (Off:1 Def:8),Rebound,Unknown,0,0
440,455,PT02M32.00S,4,1610612737,ATL,952,Walker,A. Walker,-233,-11,0,Missed,1,,,0,h,MISS Walker 3PT Jump Shot,Missed Shot,Jump Shot,0,0
441,456,PT02M31.00S,4,1610612748,MIA,406,O'Neal,S. O'Neal,0,0,0,,0,,,0,v,O'Neal REBOUND (Off:4 Def:4),Rebound,Unknown,0,0
442,457,PT02M27.00S,4,1610612748,MIA,2548,Wade,D. Wade,0,0,0,Made,1,94,106,200,v,Wade Dunk (19 PTS) (D. Jones 8 AST),Made Shot,Dunk Shot,0,0
443,458,PT02M27.00S,4,1610612737,ATL,1731,Lue,T. Lue,0,0,0,,0,,,0,h,Lue S.FOUL (P5.PN),Foul,Shooting,0,0
444,459,PT02M27.00S,4,1610612748,MIA,2548,Wade,D. Wade,0,0,0,,0,,,0,v,MISS Wade Free Throw 1 of 1,Free Throw,Free Throw 1 of 1,0,0
445,460,PT02M26.00S,4,1610612737,ATL,1918,Ekezie,O. Ekezie,0,0,0,,0,,,0,h,Ekezie REBOUND (Off:0 Def:2),Rebound,Unknown,0,0
446,461,PT02M12.00S,4,1610612737,ATL,952,Walker,A. Walker,0,0,0,,0,,,0,h,Walker Traveling Turnover (P8.T16),Turnover,Traveling,0,0
447,462,PT01M57.00S,4,1610612748,MIA,2548,Wade,D. Wade,-6,41,4,Missed,1,,,0,v,MISS Wade 4' Jump Shot,Missed Shot,Jump Shot,0,0
448,463,PT01M55.00S,4,1610612737,ATL,1918,Ekezie,O. Ekezie,0,0,0,,0,,,0,h,Ekezie REBOUND (Off:0 Def:3),Rebound,Unknown,0,0
449,464,PT01M50.00S,4,1610612737,ATL,2746,Smith,J. Smith,0,0,0,,0,,,0,h,J. Smith Lost Ball Turnover (P2.T17),Turnover,Lost Ball,0,0
450,464,PT01M50.00S,4,1610612748,MIA,2548,Wade,D. Wade,0,0,0,,0,,,0,v,Wade STEAL (1 STL),,,0,0
451,465,PT01M47.00S,4,1610612737,ATL,1731,Lue,T. Lue,0,0,0,,0,,,0,h,Lue C.P.FOUL (P6.PN),Foul,Clear Path,0,0
452,466,PT01M47.00S,4,1610612748,MIA,2548,Wade,D. Wade,0,0,0,,0,,,0,v,MISS Wade Free Throw Clear Path,Free Throw,Free Throw Clear Path,0,0
453,468,PT01M47.00S,4,0,,1610612748,,,0,0,0,,0,,,0,v,Heat Rebound,Rebound,Unknown,0,0
454,467,PT01M47.00S,4,1610612737,ATL,1731,Lue,T. Lue,0,0,0,,0,,,0,h,SUB: Delk FOR Lue,Substitution,,0,0
455,469,PT01M37.00S,4,1610612748,MIA,1000,Anderson,S. Anderson,233,-9,0,Missed,1,,,0,v,MISS Anderson 3PT Jump Shot,Missed Shot,Jump Shot,0,0
456,470,PT01M37.00S,4,0,,1610612737,,,0,0,0,,0,,,0,h,HAWKS Rebound,Rebound,Unknown,0,0
457,471,PT01M37.00S,4,1610612748,MIA,406,O'Neal,S. O'Neal,0,0,0,,0,,,0,v,O'Neal L.B.FOUL (P4.T4),Foul,Loose Ball,0,0
458,472,PT01M37.00S,4,0,,1610612737,,,0,0,0,,0,,,0,h,HAWKS Timeout: Regular (Full 6 Short 2),Timeout,Regular,0,0
459,474,PT01M37.00S,4,1610612737,ATL,1918,Ekezie,O. Ekezie,0,0,0,,0,,,0,h,SUB: Childress FOR Ekezie,Substitution,,0,0
460,476,PT01M23.00S,4,1610612737,ATL,960,Delk,T. Delk,-177,181,25,Missed,1,,,0,h,MISS Delk 25' 3PT Jump Shot,Missed Shot,Jump Shot,0,0
461,477,PT01M21.00S,4,1610612748,MIA,1800,Jones,D. Jones,0,0,0,,0,,,0,v,D. Jones REBOUND (Off:0 Def:4),Rebound,Unknown,0,0
462,478,PT01M07.00S,4,1610612748,MIA,406,O'Neal,S. O'Neal,0,0,0,Missed,1,,,0,v,MISS O'Neal Layup,Missed Shot,Layup Shot,0,0
463,479,PT01M06.00S,4,1610612737,ATL,960,Delk,T. Delk,0,0,0,,0,,,0,h,Delk REBOUND (Off:0 Def:1),Rebound,Unknown,0,0
464,480,PT01M02.00S,4,1610612737,ATL,960,Delk,T. Delk,0,0,0,Missed,1,,,0,h,MISS Delk Layup,Missed Shot,Layup Shot,0,0
465,480,PT01M02.00S,4,1610612748,MIA,2548,Wade,D. Wade,0,0,0,,0,,,0,v,Wade BLOCK (2 BLK),,,0,0
466,481,PT00M59.80S,4,1610612748,MIA,1800,Jones,D. Jones,0,0,0,,0,,,0,v,D. Jones REBOUND (Off:0 Def:5),Rebound,Unknown,0,0
467,482,PT00M38.90S,4,1610612748,MIA,1000,Anderson,S. Anderson,241,-5,24,Missed,1,,,0,v,MISS Anderson 24' 3PT Jump Shot,Missed Shot,Jump Shot,0,0
468,483,PT00M37.50S,4,1610612737,ATL,952,Walker,A. Walker,0,0,0,,0,,,0,h,Walker REBOUND (Off:1 Def:9),Rebound,Unknown,0,0
469,484,PT00M29.30S,4,1610612737,ATL,2735,Childress,J. Childress,0,0,0,Made,1,96,106,202,h,Childress Driving Layup (2 PTS),Made Shot,Driving Layup Shot,0,0
470,485,PT00M08.90S,4,1610612748,MIA,1800,Jones,D. Jones,245,56,25,Missed,1,,,0,v,MISS D. Jones 25' 3PT Jump Shot,Missed Shot,Jump Shot,0,0
471,486,PT00M06.80S,4,0,,1610612737,,,0,0,0,,0,,,0,h,HAWKS Rebound,Rebound,Unknown,0,0
472,488,PT00M00.00S,4,0,,0,,,0,0,0,,0,96,106,202,,End of 4th Period (10:19 PM EST),period,end,0,0
