actionId,actionNumber,clock,period,teamId,teamTricode,personId,playerName,playerNameI,xLegacy,yLegacy,shotDistance,shotResult,isFieldGoal,scoreHome,scoreAway,pointsTotal,location,description,actionType,subType,videoAvailable,shotValue
1,0,PT12M00.00S,1,0,,0,,,0,0,0,,0,0,0,0,,Start of 1st Period (11:48 PM EST),period,start,0,0
2,1,PT12M00.00S,1,1610612747,LAL,2036,Mihm,C. Mihm,0,0,0,,0,0,0,0,h,Jump Ball Mihm vs. Duncan: Tip to Horry,Jump Ball,,0,0
3,2,PT11M36.00S,1,1610612759,SAS,1938,Ginobili,M. Ginobili,-2,54,5,Made,1,0,2,2,v,Ginobili 5' Jump Shot (2 PTS) (Duncan 1 AST),Made Shot,Jump Shot,0,0
4,3,PT11M18.00S,1,1610612747,LAL,1088,Atkins,C. Atkins,-125,95,16,Made,1,2,2,4,h,Atkins 16' Jump Shot (2 PTS),Made Shot,Jump Shot,0,0
5,4,PT11M04.00S,1,1610612759,SAS,1938,Ginobili,M. Ginobili,-238,15,24,Missed,1,0,0,0,v,MISS Ginobili 24' 3PT Jump Shot,Missed Shot,Jump Shot,0,0
6,5,PT11M02.00S,1,1610612747,LAL,1885,Odom,L. Odom,0,0,0,,0,0,0,0,h,Odom REBOUND (Off:0 Def:1),Rebound,Unknown,0,0
7,6,PT10M53.00S,1,1610612747,LAL,1885,Odom,L. Odom,57,166,18,Made,1,4,2,6,h,Odom 18' Jump Shot (2 PTS),Made Shot,Jump Shot,0,0
8,7,PT10M42.00S,1,1610612747,LAL,1088,Atkins,C. Atkins,0,0,0,,0,0,0,0,h,Atkins P.FOUL (P1.T1),Foul,Personal,0,0
9,8,PT10M33.00S,1,1610612759,SAS,1495,Duncan,T. Duncan,0,0,0,Missed,1,0,0,0,v,MISS Duncan  Layup,Missed Shot,Layup Shot,0,0
10,9,PT10M32.00S,1,1610612747,LAL,2036,Mihm,C. Mihm,0,0,0,,0,0,0,0,h,Mihm REBOUND (Off:0 Def:1),Rebound,Unknown,0,0
11,10,PT10M23.00S,1,1610612747,LAL,2036,Mihm,C. Mihm,0,0,0,Missed,1,0,0,0,h,MISS Mihm  Driving Layup,Missed Shot,Driving Layup Shot,0,0
12,11,PT10M21.00S,1,1610612759,SAS,109,Horry,R. Horry,0,0,0,,0,0,0,0,v,Horry REBOUND (Off:0 Def:1),Rebound,Unknown,0,0
13,12,PT10M00.00S,1,1610612759,SAS,1495,Duncan,T. Duncan,67,99,12,Made,1,4,4,8,v,Duncan 12' Jump Shot (2 PTS) (Parker 1 AST),Made Shot,Jump Shot,0,0
14,13,PT09M47.00S,1,1610612747,LAL,1885,Odom,L. Odom,-3,95,10,Made,1,6,4,10,h,Odom 10' Running Hook Shot (4 PTS),Made Shot,Running Hook Shot,0,0
15,14,PT09M33.00S,1,1610612759,SAS,1938,Ginobili,M. Ginobili,0,0,0,Made,1,6,6,12,v,Ginobili  Layup (4 PTS) (Bowen 1 AST),Made Shot,Layup Shot,0,0
16,15,PT09M20.00S,1,1610612747,LAL,2406,Butler,C. Butler,-108,128,17,Made,1,8,6,14,h,Butler 17' Jump Shot (2 PTS),Made Shot,Jump Shot,0,0
17,16,PT09M08.00S,1,1610612759,SAS,2225,Parker,T. Parker,0,0,0,Made,1,8,8,16,v,Parker  Layup (2 PTS) (Ginobili 1 AST),Made Shot,Layup Shot,0,0
18,17,PT08M48.00S,1,1610612747,LAL,2036,Mihm,C. Mihm,-2,72,7,Made,1,10,8,18,h,Mihm 7' Jump Shot (2 PTS) (Atkins 1 AST),Made Shot,Jump Shot,0,0
19,18,PT08M24.00S,1,1610612759,SAS,1495,Duncan,T. Duncan,47,26,5,Made,1,10,10,20,v,Duncan 5' Jump Shot (4 PTS),Made Shot,Jump Shot,0,0
20,19,PT08M07.00S,1,1610612747,LAL,2406,Butler,C. Butler,-46,186,19,Made,1,12,10,22,h,Butler 19' Jump Shot (4 PTS),Made Shot,Jump Shot,0,0
21,20,PT07M53.00S,1,1610612759,SAS,2225,Parker,T. Parker,82,166,19,Missed,1,0,0,0,v,MISS Parker 19' Jump Shot,Missed Shot,Jump Shot,0,0
22,21,PT07M51.00S,1,1610612747,LAL,1088,Atkins,C. Atkins,0,0,0,,0,0,0,0,h,Atkins REBOUND (Off:0 Def:1),Rebound,Unknown,0,0
23,22,PT07M47.00S,1,1610612747,LAL,1088,Atkins,C. Atkins,0,0,0,,0,0,0,0,h,Atkins Bad Pass Turnover (P1.T1),Turnover,Bad Pass,0,0
24,22,PT07M47.00S,1,1610612759,SAS,2225,Parker,T. Parker,0,0,0,,0,0,0,0,v,Parker STEAL (1 STL),,,0,0
25,23,PT07M44.00S,1,1610612759,SAS,2225,Parker,T. Parker,0,0,0,Made,1,12,12,24,v,Parker  Driving Layup (4 PTS),Made Shot,Driving Layup Shot,0,0
26,24,PT07M21.00S,1,1610612747,LAL,2036,Mihm,C. Mihm,0,0,0,,0,0,0,0,h,Mihm Lost Ball Turnover (P1.T2),Turnover,Lost Ball,0,0
27,24,PT07M21.00S,1,1610612759,SAS,2225,Parker,T. Parker,0,0,0,,0,0,0,0,v,Parker STEAL (2 STL),,,0,0
28,25,PT07M09.00S,1,1610612759,SAS,1495,Duncan,T. Duncan,-117,66,13,Made,1,12,14,26,v,Duncan 13' Jump Bank Shot (6 PTS),Made Shot,Jump Bank Shot,0,0
29,26,PT06M46.00S,1,1610612747,LAL,1885,Odom,L. Odom,0,0,0,Missed,1,0,0,0,h,MISS Odom  Layup,Missed Shot,Layup Shot,0,0
30,27,PT06M45.00S,1,1610612759,SAS,1477,Bowen,B. Bowen,0,0,0,,0,0,0,0,v,Bowen REBOUND (Off:0 Def:1),Rebound,Unknown,0,0
31,28,PT06M40.00S,1,1610612747,LAL,1908,Jones,J. Jones,0,0,0,,0,0,0,0,h,Jones S.FOUL (P1.T2),Foul,Shooting,0,0
32,29,PT06M40.00S,1,1610612759,SAS,1938,Ginobili,M. Ginobili,0,0,0,,0,0,0,0,v,SUB: Barry FOR Ginobili,Substitution,,0,0
33,30,PT06M40.00S,1,0,,1610612759,,,0,0,0,,0,0,0,0,v,Spurs Timeout: Regular (Reg.1 Short 0),Timeout,Regular,0,0
34,32,PT06M40.00S,1,1610612759,SAS,2225,Parker,T. Parker,0,0,0,,0,12,15,27,v,Parker Free Throw 1 of 2 (5 PTS),Free Throw,Free Throw 1 of 2,0,0
35,33,PT06M40.00S,1,1610612759,SAS,2225,Parker,T. Parker,0,0,0,,0,12,16,28,v,Parker Free Throw 2 of 2 (6 PTS),Free Throw,Free Throw 2 of 2,0,0
36,36,PT06M25.00S,1,1610612747,LAL,1885,Odom,L. Odom,0,0,0,,0,0,0,0,h,Odom Bad Pass Turnover (P1.T3),Turnover,Bad Pass,0,0
37,36,PT06M25.00S,1,1610612759,SAS,1477,Bowen,B. Bowen,0,0,0,,0,0,0,0,v,Bowen STEAL (1 STL),,,0,0
38,37,PT06M25.00S,1,1610612747,LAL,2036,Mihm,C. Mihm,0,0,0,,0,0,0,0,h,Mihm L.B.FOUL (P1.T3),Foul,Loose Ball,0,0
39,38,PT06M09.00S,1,1610612759,SAS,699,Barry,B. Barry,-153,215,26,Missed,1,0,0,0,v,MISS Barry 26' 3PT Jump Shot,Missed Shot,Jump Shot,0,0
40,39,PT06M07.00S,1,1610612759,SAS,109,Horry,R. Horry,0,0,0,,0,0,0,0,v,Horry REBOUND (Off:1 Def:1),Rebound,Unknown,0,0
41,40,PT06M05.00S,1,1610612759,SAS,699,Barry,B. Barry,0,0,0,,0,0,0,0,v,Barry Bad Pass Turnover (P1.T1),Turnover,Bad Pass,0,0
42,41,PT05M49.00S,1,1610612747,LAL,2036,Mihm,C. Mihm,28,72,8,Made,1,14,16,30,h,Mihm 8' Jump Shot (4 PTS),Made Shot,Jump Shot,0,0
43,42,PT05M32.00S,1,1610612759,SAS,109,Horry,R. Horry,-3,51,5,Made,1,14,18,32,v,Horry 5' Hook Shot (2 PTS) (Parker 2 AST),Made Shot,Hook Shot,0,0
44,43,PT05M23.00S,1,1610612759,SAS,109,Horry,R. Horry,0,0,0,,0,0,0,0,v,Horry S.FOUL (P1.T1),Foul,Shooting,0,0
45,44,PT05M23.00S,1,1610612759,SAS,109,Horry,R. Horry,0,0,0,,0,0,0,0,v,SUB: Rose FOR Horry,Substitution,,0,0
46,45,PT05M23.00S,1,1610612747,LAL,1885,Odom,L. Odom,0,0,0,,0,0,0,0,h,MISS Odom Free Throw 1 of 2,Free Throw,Free Throw 1 of 2,0,0
47,46,PT05M23.00S,1,0,,1610612747,,,0,0,0,,0,0,0,0,h,LAKERS Rebound,Rebound,Normal Rebound,0,0
48,47,PT05M23.00S,1,1610612747,LAL,1885,Odom,L. Odom,0,0,0,,0,15,18,33,h,Odom Free Throw 2 of 2 (5 PTS),Free Throw,Free Throw 2 of 2,0,0
49,48,PT05M03.00S,1,1610612759,SAS,1477,Bowen,B. Bowen,-240,59,25,Missed,1,0,0,0,v,MISS Bowen 25' 3PT Jump Shot,Missed Shot,Jump Shot,0,0
50,49,PT05M01.00S,1,1610612747,LAL,1885,Odom,L. Odom,0,0,0,,0,0,0,0,h,Odom REBOUND (Off:0 Def:2),Rebound,Unknown,0,0
51,50,PT04M54.00S,1,1610612747,LAL,2406,Butler,C. Butler,-133,128,18,Missed,1,0,0,0,h,MISS Butler 18' Jump Shot,Missed Shot,Jump Shot,0,0
52,51,PT04M53.00S,1,1610612759,SAS,1477,Bowen,B. Bowen,0,0,0,,0,0,0,0,v,Bowen REBOUND (Off:0 Def:2),Rebound,Unknown,0,0
53,52,PT04M44.00S,1,1610612759,SAS,2225,Parker,T. Parker,-67,97,12,Made,1,15,20,35,v,Parker 12' Running Jump Shot (8 PTS),Made Shot,Running Jump Shot,0,0
54,53,PT04M23.00S,1,1610612747,LAL,2036,Mihm,C. Mihm,0,0,0,,0,0,0,0,h,Mihm Lost Ball Turnover (P2.T4),Turnover,Lost Ball,0,0
55,53,PT04M23.00S,1,1610612759,SAS,2225,Parker,T. Parker,0,0,0,,0,0,0,0,v,Parker STEAL (3 STL),,,0,0
56,54,PT04M18.00S,1,1610612759,SAS,2225,Parker,T. Parker,43,8,4,Missed,1,0,0,0,v,MISS Parker 4' Jump Shot,Missed Shot,Jump Shot,0,0
57,54,PT04M18.00S,1,1610612747,LAL,1885,Odom,L. Odom,0,0,0,,0,0,0,0,h,Odom BLOCK (1 BLK),,,0,0
58,55,PT04M17.00S,1,1610612759,SAS,990,Rose,M. Rose,0,0,0,,0,0,0,0,v,Rose REBOUND (Off:1 Def:0),Rebound,Unknown,0,0
59,56,PT04M03.00S,1,1610612759,SAS,699,Barry,B. Barry,181,207,27,Missed,1,0,0,0,v,MISS Barry 27' 3PT Jump Shot,Missed Shot,Jump Shot,0,0
60,57,PT04M01.00S,1,1610612747,LAL,1885,Odom,L. Odom,0,0,0,,0,0,0,0,h,Odom REBOUND (Off:0 Def:3),Rebound,Unknown,0,0
61,58,PT03M49.00S,1,1610612747,LAL,1908,Jones,J. Jones,0,0,0,Missed,1,0,0,0,h,MISS Jones  Layup,Missed Shot,Layup Shot,0,0
62,60,PT03M47.00S,1,1610612747,LAL,2036,Mihm,C. Mihm,0,0,0,,0,0,0,0,h,Mihm REBOUND (Off:1 Def:1),Rebound,Unknown,0,0
63,59,PT03M47.00S,1,1610612747,LAL,2036,Mihm,C. Mihm,0,0,0,Made,1,17,20,37,h,Mihm  Tip Shot (6 PTS),Made Shot,Tip Shot,0,0
64,61,PT03M21.00S,1,1610612759,SAS,1477,Bowen,B. Bowen,-28,30,4,Made,1,17,22,39,v,Bowen 4' Jump Shot (2 PTS) (Rose 1 AST),Made Shot,Jump Shot,0,0
65,62,PT03M10.00S,1,1610612747,LAL,1885,Odom,L. Odom,-18,36,4,Made,1,19,22,41,h,Odom 4' Jump Shot (7 PTS) (Atkins 2 AST),Made Shot,Jump Shot,0,0
66,63,PT03M08.00S,1,0,,1610612759,,,0,0,0,,0,0,0,0,v,Spurs Timeout: Regular (Reg.2 Short 0),Timeout,Regular,0,0
67,65,PT03M08.00S,1,1610612759,SAS,1495,Duncan,T. Duncan,0,0,0,,0,0,0,0,v,SUB: Massenburg FOR Duncan,Substitution,,0,0
68,67,PT02M51.00S,1,1610612759,SAS,2225,Parker,T. Parker,-95,5,10,Missed,1,0,0,0,v,MISS Parker 10' Jump Shot,Missed Shot,Jump Shot,0,0
69,68,PT02M49.00S,1,1610612747,LAL,2406,Butler,C. Butler,0,0,0,,0,0,0,0,h,Butler REBOUND (Off:0 Def:1),Rebound,Unknown,0,0
70,69,PT02M36.00S,1,1610612747,LAL,1885,Odom,L. Odom,20,40,4,Made,1,21,22,43,h,Odom 4' Jump Shot (9 PTS),Made Shot,Jump Shot,0,0
71,70,PT02M18.00S,1,1610612759,SAS,990,Rose,M. Rose,-89,160,18,Made,1,21,24,45,v,Rose 18' Jump Shot (2 PTS) (Parker 3 AST),Made Shot,Jump Shot,0,0
72,71,PT02M01.00S,1,1610612747,LAL,1885,Odom,L. Odom,163,25,16,Made,1,23,24,47,h,Odom 16' Jump Shot (11 PTS) (Atkins 3 AST),Made Shot,Jump Shot,0,0
73,72,PT01M42.00S,1,1610612759,SAS,1477,Bowen,B. Bowen,-228,5,0,Missed,1,0,0,0,v,MISS Bowen  3PT Jump Shot,Missed Shot,Jump Shot,0,0
74,73,PT01M41.00S,1,1610612759,SAS,2225,Parker,T. Parker,0,0,0,,0,0,0,0,v,Parker REBOUND (Off:1 Def:0),Rebound,Unknown,0,0
75,74,PT01M31.00S,1,1610612759,SAS,2225,Parker,T. Parker,-3,40,4,Made,1,23,26,49,v,Parker 4' Driving Layup (10 PTS),Made Shot,Driving Layup Shot,0,0
76,75,PT01M12.00S,1,1610612759,SAS,763,Massenburg,T. Massenburg,0,0,0,,0,0,0,0,v,Massenburg P.FOUL (P1.T2),Foul,Personal,0,0
77,76,PT01M12.00S,1,1610612759,SAS,1477,Bowen,B. Bowen,0,0,0,,0,0,0,0,v,SUB: Ginobili FOR Bowen,Substitution,,0,0
78,77,PT01M12.00S,1,1610612747,LAL,2036,Mihm,C. Mihm,0,0,0,,0,0,0,0,h,SUB: Grant FOR Mihm,Substitution,,0,0
79,78,PT00M58.90S,1,1610612747,LAL,1908,Jones,J. Jones,-238,2,24,Missed,1,0,0,0,h,MISS Jones 24' 3PT Jump Shot,Missed Shot,Jump Shot,0,0
80,79,PT00M57.50S,1,1610612747,LAL,258,Grant,B. Grant,0,0,0,,0,0,0,0,h,Grant REBOUND (Off:1 Def:0),Rebound,Unknown,0,0
81,80,PT00M56.50S,1,1610612747,LAL,258,Grant,B. Grant,0,0,0,Missed,1,0,0,0,h,MISS Grant  Layup,Missed Shot,Layup Shot,0,0
82,80,PT00M56.50S,1,1610612759,SAS,1938,Ginobili,M. Ginobili,0,0,0,,0,0,0,0,v,Ginobili BLOCK (1 BLK),,,0,0
83,81,PT00M54.90S,1,1610612759,SAS,699,Barry,B. Barry,0,0,0,,0,0,0,0,v,Barry REBOUND (Off:0 Def:1),Rebound,Unknown,0,0
84,82,PT00M42.90S,1,1610612759,SAS,1938,Ginobili,M. Ginobili,0,0,0,Missed,1,0,0,0,v,MISS Ginobili  Layup,Missed Shot,Layup Shot,0,0
85,82,PT00M42.90S,1,1610612747,LAL,258,Grant,B. Grant,0,0,0,,0,0,0,0,h,Grant BLOCK (1 BLK),,,0,0
86,83,PT00M40.70S,1,1610612759,SAS,1938,Ginobili,M. Ginobili,0,0,0,,0,0,0,0,v,Ginobili REBOUND (Off:1 Def:0),Rebound,Unknown,0,0
87,84,PT00M37.90S,1,1610612759,SAS,699,Barry,B. Barry,-57,237,24,Missed,1,0,0,0,v,MISS Barry 24' 3PT Jump Shot,Missed Shot,Jump Shot,0,0
88,85,PT00M35.50S,1,1610612759,SAS,763,Massenburg,T. Massenburg,0,0,0,,0,0,0,0,v,Massenburg REBOUND (Off:1 Def:0),Rebound,Unknown,0,0
89,86,PT00M35.50S,1,1610612759,SAS,763,Massenburg,T. Massenburg,0,0,0,,0,0,0,0,v,Massenburg Traveling Turnover (P1.T2),Turnover,Traveling,0,0
90,87,PT00M35.50S,1,1610612747,LAL,1088,Atkins,C. Atkins,0,0,0,,0,0,0,0,h,SUB: Brown FOR Atkins,Substitution,,0,0
91,88,PT00M18.90S,1,1610612747,LAL,2357,Brown,T. Brown,-10,66,7,Missed,1,0,0,0,h,MISS Brown 7' Hook Shot,Missed Shot,Hook Shot,0,0
92,89,PT00M16.60S,1,1610612759,SAS,2225,Parker,T. Parker,0,0,0,,0,0,0,0,v,Parker REBOUND (Off:1 Def:1),Rebound,Unknown,0,0
93,90,PT00M07.10S,1,1610612747,LAL,2357,Brown,T. Brown,0,0,0,,0,0,0,0,h,Brown P.FOUL (P1.T4),Foul,Personal,0,0
94,91,PT00M07.10S,1,1610612759,SAS,763,Massenburg,T. Massenburg,0,0,0,,0,0,0,0,v,SUB: Horry FOR Massenburg,Substitution,,0,0
95,92,PT00M00.90S,1,1610612759,SAS,2225,Parker,T. Parker,0,0,0,Missed,1,0,0,0,v,MISS Parker  Layup,Missed Shot,Layup Shot,0,0
96,92,PT00M00.90S,1,1610612747,LAL,258,Grant,B. Grant,0,0,0,,0,0,0,0,h,Grant BLOCK (2 BLK),,,0,0
97,93,PT00M00.40S,1,1610612747,LAL,1885,Odom,L. Odom,0,0,0,,0,0,0,0,h,Odom REBOUND (Off:0 Def:4),Rebound,Unknown,0,0
98,96,PT00M00.20S,1,1610612747,LAL,1885,Odom,L. Odom,-10,832,83,Missed,1,0,0,0,h,MISS Odom 83' 3PT Jump Shot,Missed Shot,Jump Shot,0,0
99,97,PT00M00.00S,1,0,,1610612747,,,0,0,0,,0,0,0,0,h,LAKERS Rebound,Rebound,Unknown,0,0
100,98,PT00M00.00S,1,0,,0,,,0,0,0,,0,23,26,49,,End of 1st Period (12:13 PM EST),period,end,0,0
101,100,PT12M00.00S,2,0,,0,,,0,0,0,,0,23,26,49,,Start of 2nd Period (12:15 PM EST),period,start,0,0
102,101,PT11M47.00S,2,1610612747,LAL,2406,Butler,C. Butler,0,0,0,,0,0,0,0,h,Butler OFF.Foul (P1),Foul,Offensive,0,0
103,102,PT11M47.00S,2,1610612747,LAL,2406,Butler,C. Butler,0,0,0,,0,0,0,0,h,Butler Foul Turnover (P1.T5),Turnover,Foul,0,0
104,103,PT11M32.00S,2,1610612759,SAS,1938,Ginobili,M. Ginobili,0,0,0,Missed,1,0,0,0,v,MISS Ginobili  Layup,Missed Shot,Layup Shot,0,0
105,103,PT11M32.00S,2,1610612747,LAL,258,Grant,B. Grant,0,0,0,,0,0,0,0,h,Grant BLOCK (3 BLK),,,0,0
106,104,PT11M31.00S,2,1610612759,SAS,1938,Ginobili,M. Ginobili,0,0,0,,0,0,0,0,v,Ginobili REBOUND (Off:2 Def:0),Rebound,Unknown,0,0
107,105,PT11M29.00S,2,1610612759,SAS,1938,Ginobili,M. Ginobili,71,-11,7,Made,1,23,28,51,v,Ginobili 7' Jump Shot (6 PTS),Made Shot,Jump Shot,0,0
108,106,PT11M11.00S,2,1610612747,LAL,1885,Odom,L. Odom,-117,-8,12,Missed,1,0,0,0,h,MISS Odom 12' Jump Shot,Missed Shot,Jump Shot,0,0
109,107,PT11M09.00S,2,1610612759,SAS,990,Rose,M. Rose,0,0,0,,0,0,0,0,v,Rose REBOUND (Off:1 Def:1),Rebound,Unknown,0,0
110,108,PT10M55.00S,2,1610612759,SAS,763,Massenburg,T. Massenburg,0,0,0,,0,0,0,0,v,Massenburg 3 Second Violation Turnover (P2.T3),Turnover,3 Second Violation,0,0
111,109,PT10M55.00S,2,1610612759,SAS,699,Barry,B. Barry,0,0,0,,0,0,0,0,v,SUB: Brown FOR Barry,Substitution,,0,0
112,111,PT10M36.00S,2,1610612747,LAL,258,Grant,B. Grant,0,0,0,Made,1,25,28,53,h,Grant  Layup (2 PTS),Made Shot,Layup Shot,0,0
113,112,PT10M15.00S,2,1610612747,LAL,2575,Walton,L. Walton,0,0,0,,0,0,0,0,h,Walton P.FOUL (P1.T1),Foul,Personal,0,0
114,113,PT10M15.00S,2,1610612759,SAS,763,Massenburg,T. Massenburg,0,0,0,,0,0,0,0,v,SUB: Duncan FOR Massenburg,Substitution,,0,0
115,114,PT10M06.00S,2,1610612759,SAS,990,Rose,M. Rose,0,0,0,Missed,1,0,0,0,v,MISS Rose  Layup,Missed Shot,Layup Shot,0,0
116,114,PT10M06.00S,2,1610612747,LAL,2575,Walton,L. Walton,0,0,0,,0,0,0,0,h,Walton BLOCK (1 BLK),,,0,0
117,115,PT10M05.00S,2,1610612747,LAL,1885,Odom,L. Odom,0,0,0,,0,0,0,0,h,Odom REBOUND (Off:0 Def:5),Rebound,Unknown,0,0
118,116,PT10M02.00S,2,1610612747,LAL,2406,Butler,C. Butler,0,0,0,,0,0,0,0,h,Butler OFF.Foul (P2),Foul,Offensive,0,0
119,117,PT10M02.00S,2,1610612747,LAL,2406,Butler,C. Butler,0,0,0,,0,0,0,0,h,Butler Foul Turnover (P2.T6),Turnover,Foul,0,0
120,118,PT10M02.00S,2,1610612747,LAL,1885,Odom,L. Odom,0,0,0,,0,0,0,0,h,SUB: Cook FOR Odom,Substitution,,0,0
121,120,PT09M43.00S,2,1610612747,LAL,2567,Cook,B. Cook,0,0,0,,0,0,0,0,h,Cook P.FOUL (P1.T2),Foul,Personal,0,0
122,121,PT09M43.00S,2,1610612759,SAS,2225,Parker,T. Parker,0,0,0,,0,0,0,0,v,SUB: Udrih FOR Parker,Substitution,,0,0
123,122,PT09M34.00S,2,1610612759,SAS,1495,Duncan,T. Duncan,0,0,0,Made,1,25,30,55,v,Duncan  Driving Layup (8 PTS) (Udrih 1 AST),Made Shot,Driving Layup Shot,0,0
124,123,PT09M13.00S,2,1610612747,LAL,2406,Butler,C. Butler,0,0,0,Made,1,27,30,57,h,Butler  Driving Layup (6 PTS) (Walton 1 AST),Made Shot,Driving Layup Shot,0,0
125,124,PT08M49.00S,2,1610612759,SAS,1938,Ginobili,M. Ginobili,138,140,20,Missed,1,0,0,0,v,MISS Ginobili 20' Jump Shot,Missed Shot,Jump Shot,0,0
126,125,PT08M47.00S,2,1610612759,SAS,990,Rose,M. Rose,0,0,0,,0,0,0,0,v,Rose REBOUND (Off:2 Def:1),Rebound,Unknown,0,0
127,126,PT08M45.00S,2,1610612759,SAS,990,Rose,M. Rose,0,0,0,,0,0,0,0,v,Rose Lost Ball Turnover (P1.T4),Turnover,Lost Ball,0,0
128,126,PT08M45.00S,2,1610612747,LAL,2357,Brown,T. Brown,0,0,0,,0,0,0,0,h,Brown STEAL (1 STL),,,0,0
129,127,PT08M40.00S,2,1610612759,SAS,1495,Duncan,T. Duncan,0,0,0,,0,0,0,0,v,Duncan S.FOUL (P1.T1),Foul,Shooting,0,0
130,128,PT08M40.00S,2,0,,0,,,0,0,0,,0,0,0,0,,Timeout: Official,Timeout,Official,0,0
131,130,PT08M40.00S,2,1610612759,SAS,1495,Duncan,T. Duncan,0,0,0,,0,0,0,0,v,SUB: Massenburg FOR Duncan,Substitution,,0,0
132,132,PT08M40.00S,2,1610612747,LAL,2406,Butler,C. Butler,0,0,0,,0,0,0,0,h,MISS Butler Free Throw 1 of 2,Free Throw,Free Throw 1 of 2,0,0
133,133,PT08M40.00S,2,0,,1610612747,,,0,0,0,,0,0,0,0,h,LAKERS Rebound,Rebound,Normal Rebound,0,0
134,134,PT08M40.00S,2,1610612747,LAL,2406,Butler,C. Butler,0,0,0,,0,28,30,58,h,Butler Free Throw 2 of 2 (7 PTS),Free Throw,Free Throw 2 of 2,0,0
135,135,PT08M22.00S,2,1610612759,SAS,990,Rose,M. Rose,140,-6,14,Missed,1,0,0,0,v,MISS Rose 14' Jump Shot,Missed Shot,Jump Shot,0,0
136,136,PT08M21.00S,2,1610612747,LAL,258,Grant,B. Grant,0,0,0,,0,0,0,0,h,Grant REBOUND (Off:1 Def:1),Rebound,Unknown,0,0
137,137,PT08M06.00S,2,1610612747,LAL,2357,Brown,T. Brown,-95,145,17,Missed,1,0,0,0,h,MISS Brown 17' Jump Shot,Missed Shot,Jump Shot,0,0
138,138,PT08M04.00S,2,1610612759,SAS,763,Massenburg,T. Massenburg,0,0,0,,0,0,0,0,v,Massenburg REBOUND (Off:1 Def:1),Rebound,Unknown,0,0
139,139,PT07M53.00S,2,1610612747,LAL,2567,Cook,B. Cook,0,0,0,,0,0,0,0,h,Cook S.FOUL (P2.T3),Foul,Shooting,0,0
140,140,PT07M53.00S,2,1610612747,LAL,2406,Butler,C. Butler,0,0,0,,0,0,0,0,h,SUB: Jones FOR Butler,Substitution,,0,0
141,141,PT07M53.00S,2,1610612759,SAS,990,Rose,M. Rose,0,0,0,,0,28,31,59,v,Rose Free Throw 1 of 2 (3 PTS),Free Throw,Free Throw 1 of 2,0,0
142,142,PT07M53.00S,2,1610612759,SAS,990,Rose,M. Rose,0,0,0,,0,28,32,60,v,Rose Free Throw 2 of 2 (4 PTS),Free Throw,Free Throw 2 of 2,0,0
143,143,PT07M40.00S,2,1610612747,LAL,2357,Brown,T. Brown,-110,17,11,Made,1,30,32,62,h,Brown 11' Jump Shot (2 PTS),Made Shot,Jump Shot,0,0
144,144,PT07M24.00S,2,1610612759,SAS,763,Massenburg,T. Massenburg,0,0,0,Made,1,30,34,64,v,Massenburg  Slam Dunk (2 PTS) (Ginobili 2 AST),Made Shot,Slam Dunk Shot,0,0
145,145,PT07M07.00S,2,1610612747,LAL,258,Grant,B. Grant,97,141,17,Missed,1,0,0,0,h,MISS Grant 17' Jump Shot,Missed Shot,Jump Shot,0,0
146,146,PT07M05.00S,2,1610612759,SAS,990,Rose,M. Rose,0,0,0,,0,0,0,0,v,Rose REBOUND (Off:2 Def:2),Rebound,Unknown,0,0
147,147,PT06M46.00S,2,1610612759,SAS,990,Rose,M. Rose,-61,130,14,Made,1,30,36,66,v,Rose 14' Jump Shot (6 PTS) (Udrih 2 AST),Made Shot,Jump Shot,0,0
148,148,PT06M29.00S,2,1610612747,LAL,2357,Brown,T. Brown,0,0,0,Made,1,32,36,68,h,Brown  Driving Layup (4 PTS),Made Shot,Driving Layup Shot,0,0
149,149,PT06M07.00S,2,1610612759,SAS,990,Rose,M. Rose,0,0,0,Made,1,32,38,70,v,Rose  Driving Layup (8 PTS),Made Shot,Driving Layup Shot,0,0
150,150,PT05M48.00S,2,1610612747,LAL,2567,Cook,B. Cook,0,0,0,,0,0,0,0,h,Cook OFF.Foul (P3),Foul,Offensive,0,0
151,151,PT05M48.00S,2,1610612747,LAL,2567,Cook,B. Cook,0,0,0,,0,0,0,0,h,Cook Foul Turnover (P1.T7),Turnover,Foul,0,0
152,152,PT05M48.00S,2,0,,1610612747,,,0,0,0,,0,0,0,0,h,LAKERS Timeout: Regular (Full 1 Short 0),Timeout,Regular,0,0
153,155,PT05M48.00S,2,1610612747,LAL,258,Grant,B. Grant,0,0,0,,0,0,0,0,h,SUB: Odom FOR Grant,Substitution,,0,0
154,156,PT05M48.00S,2,1610612747,LAL,2567,Cook,B. Cook,0,0,0,,0,0,0,0,h,SUB: Mihm FOR Cook,Substitution,,0,0
155,157,PT05M33.00S,2,1610612759,SAS,1938,Ginobili,M. Ginobili,0,0,0,,0,0,0,0,v,Ginobili OFF.Foul (P1),Foul,Offensive,0,0
156,158,PT05M33.00S,2,1610612759,SAS,1938,Ginobili,M. Ginobili,0,0,0,,0,0,0,0,v,Ginobili Foul Turnover (P1.T5),Turnover,Foul,0,0
157,159,PT05M33.00S,2,1610612759,SAS,1938,Ginobili,M. Ginobili,0,0,0,,0,0,0,0,v,SUB: Bowen FOR Ginobili,Substitution,,0,0
158,160,PT05M15.00S,2,1610612747,LAL,2357,Brown,T. Brown,0,0,0,,0,0,0,0,h,Brown Bad Pass Turnover (P1.T8),Turnover,Bad Pass,0,0
159,160,PT05M15.00S,2,1610612759,SAS,990,Rose,M. Rose,0,0,0,,0,0,0,0,v,Rose STEAL (1 STL),,,0,0
160,161,PT05M07.00S,2,1610612759,SAS,2757,Udrih,B. Udrih,72,143,16,Missed,1,0,0,0,v,MISS Udrih 16' Jump Shot,Missed Shot,Jump Shot,0,0
161,162,PT05M05.00S,2,1610612747,LAL,2575,Walton,L. Walton,0,0,0,,0,0,0,0,h,Walton REBOUND (Off:0 Def:1),Rebound,Unknown,0,0
162,163,PT04M52.00S,2,1610612747,LAL,2036,Mihm,C. Mihm,39,13,4,Missed,1,0,0,0,h,MISS Mihm 4' Hook Shot,Missed Shot,Hook Shot,0,0
163,164,PT04M48.00S,2,1610612759,SAS,1477,Bowen,B. Bowen,0,0,0,,0,0,0,0,v,Bowen REBOUND (Off:0 Def:3),Rebound,Unknown,0,0
164,165,PT04M35.00S,2,1610612759,SAS,1477,Bowen,B. Bowen,0,0,0,,0,0,0,0,v,Bowen Bad Pass Turnover (P1.T6),Turnover,Bad Pass,0,0
165,165,PT04M35.00S,2,1610612747,LAL,2357,Brown,T. Brown,0,0,0,,0,0,0,0,h,Brown STEAL (2 STL),,,0,0
166,166,PT04M32.00S,2,1610612747,LAL,2357,Brown,T. Brown,0,0,0,Made,1,34,38,72,h,Brown  Driving Layup (6 PTS) (Odom 1 AST),Made Shot,Driving Layup Shot,0,0
167,167,PT04M16.00S,2,1610612759,SAS,2757,Udrih,B. Udrih,0,0,0,,0,0,0,0,v,SUB: Parker FOR Udrih,Substitution,,0,0
168,168,PT04M16.00S,2,1610612747,LAL,2357,Brown,T. Brown,0,0,0,,0,0,0,0,h,Jump Ball Brown vs. Brown: Tip to Bowen,Jump Ball,,0,0
169,169,PT04M06.00S,2,1610612759,SAS,990,Rose,M. Rose,123,133,18,Missed,1,0,0,0,v,MISS Rose 18' Jump Shot,Missed Shot,Jump Shot,0,0
170,170,PT04M04.00S,2,1610612747,LAL,2036,Mihm,C. Mihm,0,0,0,,0,0,0,0,h,Mihm REBOUND (Off:1 Def:2),Rebound,Unknown,0,0
171,171,PT03M57.00S,2,1610612747,LAL,1908,Jones,J. Jones,0,0,0,Made,1,36,38,74,h,Jones  Slam Dunk (2 PTS) (Walton 2 AST),Made Shot,Slam Dunk Shot,0,0
172,172,PT03M56.00S,2,0,,1610612759,,,0,0,0,,0,0,0,0,v,Spurs Timeout: Regular (Reg.3 Short 0),Timeout,Regular,0,0
173,174,PT03M56.00S,2,1610612747,LAL,2357,Brown,T. Brown,0,0,0,,0,0,0,0,h,SUB: Atkins FOR Brown,Substitution,,0,0
174,175,PT03M56.00S,2,1610612759,SAS,990,Rose,M. Rose,0,0,0,,0,0,0,0,v,SUB: Horry FOR Rose,Substitution,,0,0
175,176,PT03M34.00S,2,1610612759,SAS,1477,Bowen,B. Bowen,47,72,9,Missed,1,0,0,0,v,MISS Bowen 9' Jump Shot,Missed Shot,Jump Shot,0,0
176,177,PT03M33.00S,2,1610612747,LAL,2575,Walton,L. Walton,0,0,0,,0,0,0,0,h,Walton REBOUND (Off:0 Def:2),Rebound,Unknown,0,0
177,178,PT03M17.00S,2,1610612747,LAL,1908,Jones,J. Jones,-140,26,14,Missed,1,0,0,0,h,MISS Jones 14' Jump Shot,Missed Shot,Jump Shot,0,0
178,179,PT03M16.00S,2,1610612759,SAS,109,Horry,R. Horry,0,0,0,,0,0,0,0,v,Horry REBOUND (Off:1 Def:2),Rebound,Unknown,0,0
179,180,PT03M02.00S,2,1610612759,SAS,109,Horry,R. Horry,62,22,7,Missed,1,0,0,0,v,MISS Horry 7' Jump Shot,Missed Shot,Jump Shot,0,0
180,181,PT03M00.00S,2,1610612747,LAL,1885,Odom,L. Odom,0,0,0,,0,0,0,0,h,Odom REBOUND (Off:0 Def:6),Rebound,Unknown,0,0
181,182,PT02M44.00S,2,1610612747,LAL,1885,Odom,L. Odom,10,74,7,Made,1,38,38,76,h,Odom 7' Jump Bank Shot (13 PTS),Made Shot,Jump Bank Shot,0,0
182,183,PT02M30.00S,2,1610612759,SAS,2225,Parker,T. Parker,49,38,6,Missed,1,0,0,0,v,MISS Parker 6' Jump Shot,Missed Shot,Jump Shot,0,0
183,184,PT02M29.00S,2,1610612747,LAL,2036,Mihm,C. Mihm,0,0,0,,0,0,0,0,h,Mihm REBOUND (Off:1 Def:3),Rebound,Unknown,0,0
184,185,PT02M23.00S,2,1610612747,LAL,1088,Atkins,C. Atkins,163,209,27,Missed,1,0,0,0,h,MISS Atkins 27' 3PT Jump Shot,Missed Shot,Jump Shot,0,0
185,186,PT02M21.00S,2,1610612759,SAS,1477,Bowen,B. Bowen,0,0,0,,0,0,0,0,v,Bowen REBOUND (Off:0 Def:4),Rebound,Unknown,0,0
186,187,PT01M58.00S,2,1610612759,SAS,2484,Brown,D. Brown,-158,210,26,Made,1,38,41,79,v,Brown 26' 3PT Jump Shot (3 PTS) (Massenburg 1 AST),Made Shot,Jump Shot,0,0
187,188,PT01M46.00S,2,1610612759,SAS,109,Horry,R. Horry,0,0,0,,0,0,0,0,v,Horry P.FOUL (P2.T2),Foul,Personal,0,0
188,189,PT01M46.00S,2,1610612759,SAS,763,Massenburg,T. Massenburg,0,0,0,,0,0,0,0,v,SUB: Ginobili FOR Massenburg,Substitution,,0,0
189,190,PT01M32.00S,2,1610612747,LAL,1885,Odom,L. Odom,0,0,0,,0,0,0,0,h,Odom Bad Pass Turnover (P2.T9),Turnover,Bad Pass,0,0
190,190,PT01M32.00S,2,1610612759,SAS,2484,Brown,D. Brown,0,0,0,,0,0,0,0,v,Brown STEAL (1 STL),,,0,0
191,191,PT01M25.00S,2,1610612759,SAS,2484,Brown,D. Brown,120,215,25,Missed,1,0,0,0,v,MISS Brown 25' 3PT Jump Shot,Missed Shot,Jump Shot,0,0
192,192,PT01M24.00S,2,1610612759,SAS,1477,Bowen,B. Bowen,0,0,0,,0,0,0,0,v,Bowen REBOUND (Off:1 Def:4),Rebound,Unknown,0,0
193,193,PT01M21.00S,2,1610612759,SAS,1477,Bowen,B. Bowen,0,0,0,Missed,1,0,0,0,v,MISS Bowen  Layup,Missed Shot,Layup Shot,0,0
194,194,PT01M20.00S,2,1610612759,SAS,1477,Bowen,B. Bowen,0,0,0,,0,0,0,0,v,Bowen REBOUND (Off:2 Def:4),Rebound,Unknown,0,0
195,195,PT01M00.00S,2,1610612759,SAS,1938,Ginobili,M. Ginobili,-26,115,12,Made,1,38,43,81,v,Ginobili 12' Fadeaway Jumper (8 PTS) (Parker 4 AST),Made Shot,Fadeaway Jump Shot,0,0
196,196,PT00M42.90S,2,1610612747,LAL,2036,Mihm,C. Mihm,0,0,0,,0,0,0,0,h,Mihm Lost Ball Turnover (P3.T10),Turnover,Lost Ball,0,0
197,196,PT00M42.90S,2,1610612759,SAS,109,Horry,R. Horry,0,0,0,,0,0,0,0,v,Horry STEAL (1 STL),,,0,0
198,197,PT00M24.90S,2,1610612759,SAS,2225,Parker,T. Parker,-54,261,27,Missed,1,0,0,0,v,MISS Parker 27' 3PT Jump Shot,Missed Shot,Jump Shot,0,0
199,198,PT00M22.90S,2,1610612747,LAL,1885,Odom,L. Odom,0,0,0,,0,0,0,0,h,Odom REBOUND (Off:0 Def:7),Rebound,Unknown,0,0
200,199,PT00M01.90S,2,1610612747,LAL,1885,Odom,L. Odom,0,0,0,Missed,1,0,0,0,h,MISS Odom  Layup,Missed Shot,Layup Shot,0,0
201,201,PT00M01.60S,2,1610612747,LAL,2036,Mihm,C. Mihm,0,0,0,,0,0,0,0,h,Mihm REBOUND (Off:2 Def:3),Rebound,Unknown,0,0
202,200,PT00M01.60S,2,1610612747,LAL,2036,Mihm,C. Mihm,0,0,0,Made,1,40,43,83,h,Mihm  Slam Dunk (8 PTS),Made Shot,Slam Dunk Shot,0,0
203,202,PT00M00.00S,2,0,,0,,,0,0,0,,0,40,43,83,,End of 2nd Period (12:43 PM EST),period,end,0,0
204,204,PT12M00.00S,3,0,,0,,,0,0,0,,0,40,43,83,,Start of 3rd Period (13:03 PM EST),period,start,0,0
205,205,PT11M47.00S,3,1610612759,SAS,2225,Parker,T. Parker,0,0,0,,0,0,0,0,v,Parker P.FOUL (P1.T1),Foul,Personal,0,0
206,206,PT11M37.00S,3,1610612747,LAL,2036,Mihm,C. Mihm,-146,15,15,Missed,1,0,0,0,h,MISS Mihm 15' Jump Shot,Missed Shot,Jump Shot,0,0
207,207,PT11M36.00S,3,1610612759,SAS,1477,Bowen,B. Bowen,0,0,0,,0,0,0,0,v,Bowen REBOUND (Off:2 Def:5),Rebound,Unknown,0,0
208,208,PT11M19.00S,3,1610612759,SAS,1938,Ginobili,M. Ginobili,112,227,25,Made,1,40,46,86,v,Ginobili 25' 3PT Jump Shot (11 PTS) (Duncan 2 AST),Made Shot,Jump Shot,0,0
209,209,PT10M54.00S,3,1610612747,LAL,2406,Butler,C. Butler,-128,0,13,Missed,1,0,0,0,h,MISS Butler 13' Jump Shot,Missed Shot,Jump Shot,0,0
210,211,PT10M53.00S,3,1610612747,LAL,2036,Mihm,C. Mihm,0,0,0,,0,0,0,0,h,Mihm REBOUND (Off:3 Def:3),Rebound,Unknown,0,0
211,210,PT10M53.00S,3,1610612747,LAL,2036,Mihm,C. Mihm,0,0,0,Made,1,42,46,88,h,Mihm  Tip Shot (10 PTS),Made Shot,Tip Shot,0,0
212,212,PT10M25.00S,3,1610612759,SAS,1495,Duncan,T. Duncan,24,95,10,Missed,1,0,0,0,v,MISS Duncan 10' Jump Shot,Missed Shot,Jump Shot,0,0
213,213,PT10M23.00S,3,1610612747,LAL,1885,Odom,L. Odom,0,0,0,,0,0,0,0,h,Odom REBOUND (Off:0 Def:8),Rebound,Unknown,0,0
214,214,PT10M10.00S,3,1610612747,LAL,1885,Odom,L. Odom,0,0,0,,0,0,0,0,h,Odom Bad Pass Turnover (P3.T11),Turnover,Bad Pass,0,0
215,214,PT10M10.00S,3,1610612759,SAS,1477,Bowen,B. Bowen,0,0,0,,0,0,0,0,v,Bowen STEAL (2 STL),,,0,0
216,215,PT10M04.00S,3,1610612759,SAS,1477,Bowen,B. Bowen,158,-13,16,Made,1,42,48,90,v,Bowen 16' Jump Shot (4 PTS) (Parker 5 AST),Made Shot,Jump Shot,0,0
217,216,PT09M46.00S,3,1610612747,LAL,1885,Odom,L. Odom,0,0,0,Missed,1,0,0,0,h,MISS Odom  Layup,Missed Shot,Layup Shot,0,0
218,216,PT09M46.00S,3,1610612759,SAS,1495,Duncan,T. Duncan,0,0,0,,0,0,0,0,v,Duncan BLOCK (1 BLK),,,0,0
219,217,PT09M44.00S,3,1610612747,LAL,1908,Jones,J. Jones,0,0,0,,0,0,0,0,h,Jones REBOUND (Off:1 Def:0),Rebound,Unknown,0,0
220,218,PT09M37.00S,3,1610612747,LAL,1885,Odom,L. Odom,0,0,0,Missed,1,0,0,0,h,MISS Odom  Driving Layup,Missed Shot,Driving Layup Shot,0,0
221,219,PT09M36.00S,3,1610612759,SAS,109,Horry,R. Horry,0,0,0,,0,0,0,0,v,Horry REBOUND (Off:1 Def:3),Rebound,Unknown,0,0
222,220,PT09M25.00S,3,1610612759,SAS,1495,Duncan,T. Duncan,0,0,0,Made,1,42,50,92,v,Duncan  Slam Dunk (10 PTS) (Parker 6 AST),Made Shot,Slam Dunk Shot,0,0
223,221,PT09M15.00S,3,0,,1610612747,,,0,0,0,,0,0,0,0,h,LAKERS Timeout: Regular (Full 2 Short 0),Timeout,Regular,0,0
224,224,PT08M57.00S,3,1610612747,LAL,1885,Odom,L. Odom,0,0,0,,0,0,0,0,h,Odom Bad Pass Turnover (P4.T12),Turnover,Bad Pass,0,0
225,224,PT08M57.00S,3,1610612759,SAS,1477,Bowen,B. Bowen,0,0,0,,0,0,0,0,v,Bowen STEAL (3 STL),,,0,0
226,225,PT08M36.00S,3,1610612759,SAS,1938,Ginobili,M. Ginobili,-138,219,26,Missed,1,0,0,0,v,MISS Ginobili 26' 3PT Jump Shot,Missed Shot,Jump Shot,0,0
227,226,PT08M34.00S,3,1610612747,LAL,1908,Jones,J. Jones,0,0,0,,0,0,0,0,h,Jones REBOUND (Off:1 Def:1),Rebound,Unknown,0,0
228,227,PT08M22.00S,3,1610612747,LAL,1088,Atkins,C. Atkins,-138,164,21,Made,1,44,50,94,h,Atkins 21' Jump Shot (4 PTS) (Odom 2 AST),Made Shot,Jump Shot,0,0
229,228,PT08M16.00S,3,1610612747,LAL,2406,Butler,C. Butler,0,0,0,,0,0,0,0,h,Butler P.FOUL (P3.T1),Foul,Personal,0,0
230,229,PT08M06.00S,3,1610612759,SAS,1477,Bowen,B. Bowen,-21,145,15,Missed,1,0,0,0,v,MISS Bowen 15' Jump Shot,Missed Shot,Jump Shot,0,0
231,230,PT08M04.00S,3,1610612759,SAS,109,Horry,R. Horry,0,0,0,,0,0,0,0,v,Horry REBOUND (Off:2 Def:3),Rebound,Unknown,0,0
232,231,PT07M53.00S,3,1610612759,SAS,2225,Parker,T. Parker,0,0,0,Made,1,44,52,96,v,Parker  Driving Layup (12 PTS),Made Shot,Driving Layup Shot,0,0
233,232,PT07M40.00S,3,1610612759,SAS,1495,Duncan,T. Duncan,0,0,0,,0,0,0,0,v,Duncan P.FOUL (P2.T2),Foul,Personal,0,0
234,233,PT07M33.00S,3,1610612747,LAL,1088,Atkins,C. Atkins,0,0,0,Missed,1,0,0,0,h,MISS Atkins  Layup,Missed Shot,Layup Shot,0,0
235,233,PT07M33.00S,3,1610612759,SAS,1495,Duncan,T. Duncan,0,0,0,,0,0,0,0,v,Duncan BLOCK (2 BLK),,,0,0
236,234,PT07M31.00S,3,1610612759,SAS,1495,Duncan,T. Duncan,0,0,0,,0,0,0,0,v,Duncan REBOUND (Off:0 Def:1),Rebound,Unknown,0,0
237,235,PT07M28.00S,3,1610612759,SAS,2225,Parker,T. Parker,0,0,0,Made,1,44,54,98,v,Parker  Layup (14 PTS) (Ginobili 3 AST),Made Shot,Layup Shot,0,0
238,236,PT07M03.00S,3,1610612747,LAL,2406,Butler,C. Butler,107,132,17,Missed,1,0,0,0,h,MISS Butler 17' Jump Shot,Missed Shot,Jump Shot,0,0
239,237,PT07M02.00S,3,1610612759,SAS,1495,Duncan,T. Duncan,0,0,0,,0,0,0,0,v,Duncan REBOUND (Off:0 Def:2),Rebound,Unknown,0,0
240,238,PT06M51.00S,3,1610612747,LAL,2036,Mihm,C. Mihm,0,0,0,,0,0,0,0,h,Mihm S.FOUL (P2.T2),Foul,Shooting,0,0
241,239,PT06M51.00S,3,1610612759,SAS,1938,Ginobili,M. Ginobili,0,0,0,,0,0,0,0,v,SUB: Barry FOR Ginobili,Substitution,,0,0
242,240,PT06M51.00S,3,1610612759,SAS,1495,Duncan,T. Duncan,0,0,0,,0,44,55,99,v,Duncan Free Throw 1 of 2 (11 PTS),Free Throw,Free Throw 1 of 2,0,0
243,241,PT06M51.00S,3,1610612759,SAS,1495,Duncan,T. Duncan,0,0,0,,0,0,0,0,v,MISS Duncan Free Throw 2 of 2,Free Throw,Free Throw 2 of 2,0,0
244,242,PT06M50.00S,3,1610612747,LAL,2036,Mihm,C. Mihm,0,0,0,,0,0,0,0,h,Mihm REBOUND (Off:3 Def:4),Rebound,Unknown,0,0
245,243,PT06M34.00S,3,1610612747,LAL,2036,Mihm,C. Mihm,-15,66,7,Missed,1,0,0,0,h,MISS Mihm 7' Jump Shot,Missed Shot,Jump Shot,0,0
246,244,PT06M33.00S,3,1610612759,SAS,1495,Duncan,T. Duncan,0,0,0,,0,0,0,0,v,Duncan REBOUND (Off:0 Def:3),Rebound,Unknown,0,0
247,245,PT06M25.00S,3,1610612759,SAS,1495,Duncan,T. Duncan,-20,181,18,Made,1,44,57,101,v,Duncan 18' Jump Shot (13 PTS) (Barry 1 AST),Made Shot,Jump Shot,0,0
248,246,PT06M21.00S,3,0,,1610612747,,,0,0,0,,0,0,0,0,h,LAKERS Timeout: Short (Full 2 Short 1),Timeout,Short,0,0
249,248,PT06M11.00S,3,1610612747,LAL,1885,Odom,L. Odom,0,0,0,Missed,1,0,0,0,h,MISS Odom  Layup,Missed Shot,Layup Shot,0,0
250,249,PT06M10.00S,3,1610612759,SAS,1495,Duncan,T. Duncan,0,0,0,,0,0,0,0,v,Duncan REBOUND (Off:0 Def:4),Rebound,Unknown,0,0
251,250,PT06M02.00S,3,1610612759,SAS,109,Horry,R. Horry,11,275,28,Missed,1,0,0,0,v,MISS Horry 28' 3PT Jump Shot,Missed Shot,Jump Shot,0,0
252,251,PT06M01.00S,3,1610612747,LAL,2406,Butler,C. Butler,0,0,0,,0,0,0,0,h,Butler REBOUND (Off:0 Def:2),Rebound,Unknown,0,0
253,252,PT05M48.00S,3,1610612747,LAL,1908,Jones,J. Jones,235,5,24,Missed,1,0,0,0,h,MISS Jones 24' 3PT Jump Shot,Missed Shot,Jump Shot,0,0
254,253,PT05M46.00S,3,1610612759,SAS,1495,Duncan,T. Duncan,0,0,0,,0,0,0,0,v,Duncan REBOUND (Off:0 Def:5),Rebound,Unknown,0,0
255,254,PT05M35.00S,3,1610612747,LAL,1088,Atkins,C. Atkins,0,0,0,,0,0,0,0,h,Atkins S.FOUL (P2.T3),Foul,Shooting,0,0
256,255,PT05M35.00S,3,1610612759,SAS,109,Horry,R. Horry,0,0,0,,0,0,0,0,v,SUB: Rose FOR Horry,Substitution,,0,0
257,256,PT05M35.00S,3,1610612759,SAS,2225,Parker,T. Parker,0,0,0,,0,44,58,102,v,Parker Free Throw 1 of 2 (15 PTS),Free Throw,Free Throw 1 of 2,0,0
258,258,PT05M35.00S,3,1610612747,LAL,1908,Jones,J. Jones,0,0,0,,0,0,0,0,h,SUB: Walton FOR Jones,Substitution,,0,0
259,259,PT05M35.00S,3,1610612759,SAS,2225,Parker,T. Parker,0,0,0,,0,44,59,103,v,Parker Free Throw 2 of 2 (16 PTS),Free Throw,Free Throw 2 of 2,0,0
260,260,PT05M15.00S,3,1610612747,LAL,2575,Walton,L. Walton,0,0,0,,0,0,0,0,h,Walton Bad Pass Turnover (P1.T13),Turnover,Bad Pass,0,0
261,261,PT05M01.00S,3,1610612759,SAS,1495,Duncan,T. Duncan,-90,84,12,Made,1,44,61,105,v,Duncan 12' Jump Bank Shot (15 PTS) (Rose 2 AST),Made Shot,Jump Bank Shot,0,0
262,262,PT04M44.00S,3,1610612747,LAL,1088,Atkins,C. Atkins,-72,169,18,Made,1,46,61,107,h,Atkins 18' Jump Shot (6 PTS),Made Shot,Jump Shot,0,0
263,263,PT04M30.00S,3,1610612759,SAS,1495,Duncan,T. Duncan,0,0,0,Made,1,46,63,109,v,Duncan  Layup (17 PTS) (Parker 7 AST),Made Shot,Layup Shot,0,0
264,264,PT04M13.00S,3,1610612747,LAL,1088,Atkins,C. Atkins,0,0,0,Made,1,48,63,111,h,Atkins  Driving Layup (8 PTS),Made Shot,Driving Layup Shot,0,0
265,265,PT03M56.00S,3,1610612759,SAS,699,Barry,B. Barry,87,243,26,Made,1,48,66,114,v,Barry 26' 3PT Jump Shot (3 PTS) (Parker 8 AST),Made Shot,Jump Shot,0,0
266,266,PT03M39.00S,3,1610612759,SAS,990,Rose,M. Rose,0,0,0,,0,0,0,0,v,Rose S.FOUL (P1.T3),Foul,Shooting,0,0
267,267,PT03M39.00S,3,1610612747,LAL,2036,Mihm,C. Mihm,0,0,0,,0,0,0,0,h,SUB: Grant FOR Mihm,Substitution,,0,0
268,268,PT03M39.00S,3,1610612747,LAL,1885,Odom,L. Odom,0,0,0,,0,0,0,0,h,SUB: Medvedenko FOR Odom,Substitution,,0,0
269,269,PT03M39.00S,3,1610612759,SAS,1495,Duncan,T. Duncan,0,0,0,,0,0,0,0,v,SUB: Massenburg FOR Duncan,Substitution,,0,0
270,270,PT03M39.00S,3,1610612747,LAL,1088,Atkins,C. Atkins,0,0,0,,0,49,66,115,h,Atkins Free Throw 1 of 2 (9 PTS),Free Throw,Free Throw 1 of 2,0,0
271,271,PT03M39.00S,3,1610612747,LAL,1088,Atkins,C. Atkins,0,0,0,,0,50,66,116,h,Atkins Free Throw 2 of 2 (10 PTS),Free Throw,Free Throw 2 of 2,0,0
272,272,PT03M21.00S,3,1610612759,SAS,1477,Bowen,B. Bowen,98,115,15,Missed,1,0,0,0,v,MISS Bowen 15' Jump Shot,Missed Shot,Jump Shot,0,0
273,273,PT03M19.00S,3,1610612759,SAS,990,Rose,M. Rose,0,0,0,,0,0,0,0,v,Rose REBOUND (Off:3 Def:2),Rebound,Unknown,0,0
274,274,PT03M12.00S,3,0,,1610612759,,,0,0,0,,0,0,0,0,v,Spurs Timeout: Regular (Reg.4 Short 0),Timeout,Regular,0,0
275,276,PT03M12.00S,3,1610612759,SAS,1477,Bowen,B. Bowen,0,0,0,,0,0,0,0,v,SUB: Ginobili FOR Bowen,Substitution,,0,0
276,277,PT03M01.00S,3,1610612759,SAS,763,Massenburg,T. Massenburg,-52,59,8,Made,1,50,68,118,v,Massenburg 8' Hook Shot (4 PTS) (Ginobili 4 AST),Made Shot,Hook Shot,0,0
277,278,PT02M39.00S,3,1610612747,LAL,1088,Atkins,C. Atkins,-33,69,8,Missed,1,0,0,0,h,MISS Atkins 8' Jump Shot,Missed Shot,Jump Shot,0,0
278,279,PT02M39.00S,3,1610612747,LAL,258,Grant,B. Grant,0,0,0,,0,0,0,0,h,Grant REBOUND (Off:2 Def:1),Rebound,Unknown,0,0
279,280,PT02M39.00S,3,1610612759,SAS,1938,Ginobili,M. Ginobili,0,0,0,,0,0,0,0,v,Ginobili L.B.FOUL (P2.T4),Foul,Loose Ball,0,0
280,281,PT02M24.00S,3,1610612747,LAL,2575,Walton,L. Walton,5,66,7,Missed,1,0,0,0,h,MISS Walton 7' Running Jump Shot,Missed Shot,Running Jump Shot,0,0
281,282,PT02M22.00S,3,1610612747,LAL,2575,Walton,L. Walton,0,0,0,,0,0,0,0,h,Walton REBOUND (Off:1 Def:2),Rebound,Unknown,0,0
282,283,PT02M21.00S,3,1610612759,SAS,763,Massenburg,T. Massenburg,0,0,0,,0,0,0,0,v,Massenburg S.FOUL (P2.PN),Foul,Shooting,0,0
283,285,PT02M21.00S,3,1610612747,LAL,2575,Walton,L. Walton,0,0,0,,0,51,68,119,h,Walton Free Throw 1 of 2 (1 PTS),Free Throw,Free Throw 1 of 2,0,0
284,286,PT02M21.00S,3,1610612747,LAL,2575,Walton,L. Walton,0,0,0,,0,0,0,0,h,MISS Walton Free Throw 2 of 2,Free Throw,Free Throw 2 of 2,0,0
285,287,PT02M18.00S,3,1610612759,SAS,990,Rose,M. Rose,0,0,0,,0,0,0,0,v,Rose REBOUND (Off:3 Def:3),Rebound,Unknown,0,0
286,288,PT02M09.00S,3,1610612747,LAL,2098,Medvedenko,S. Medvedenko,0,0,0,,0,0,0,0,h,Medvedenko S.FOUL (P1.T4),Foul,Shooting,0,0
287,289,PT02M09.00S,3,1610612759,SAS,990,Rose,M. Rose,0,0,0,,0,51,69,120,v,Rose Free Throw 1 of 2 (9 PTS),Free Throw,Free Throw 1 of 2,0,0
288,290,PT02M09.00S,3,1610612759,SAS,990,Rose,M. Rose,0,0,0,,0,51,70,121,v,Rose Free Throw 2 of 2 (10 PTS),Free Throw,Free Throw 2 of 2,0,0
289,291,PT01M57.00S,3,1610612747,LAL,1088,Atkins,C. Atkins,102,151,18,Missed,1,0,0,0,h,MISS Atkins 18' Jump Shot,Missed Shot,Jump Shot,0,0
290,292,PT01M56.00S,3,1610612759,SAS,2225,Parker,T. Parker,0,0,0,,0,0,0,0,v,Parker REBOUND (Off:1 Def:2),Rebound,Unknown,0,0
291,293,PT01M50.00S,3,1610612747,LAL,2098,Medvedenko,S. Medvedenko,0,0,0,,0,0,0,0,h,Medvedenko P.FOUL (P2.PN),Foul,Personal,0,0
292,294,PT01M50.00S,3,1610612759,SAS,990,Rose,M. Rose,0,0,0,,0,51,71,122,v,Rose Free Throw 1 of 2 (11 PTS),Free Throw,Free Throw 1 of 2,0,0
293,295,PT01M50.00S,3,1610612759,SAS,990,Rose,M. Rose,0,0,0,,0,51,72,123,v,Rose Free Throw 2 of 2 (12 PTS),Free Throw,Free Throw 2 of 2,0,0
294,296,PT01M31.00S,3,1610612747,LAL,1088,Atkins,C. Atkins,0,0,0,,0,0,0,0,h,Atkins Bad Pass Turnover (P2.T14),Turnover,Bad Pass,0,0
295,296,PT01M31.00S,3,1610612759,SAS,1938,Ginobili,M. Ginobili,0,0,0,,0,0,0,0,v,Ginobili STEAL (1 STL),,,0,0
296,297,PT01M28.00S,3,1610612759,SAS,699,Barry,B. Barry,0,0,0,Made,1,51,74,125,v,Barry  Slam Dunk (5 PTS),Made Shot,Slam Dunk Shot,0,0
297,298,PT01M08.00S,3,1610612759,SAS,990,Rose,M. Rose,0,0,0,,0,0,0,0,v,Rose P.FOUL (P2.PN),Foul,Personal,0,0
298,299,PT01M08.00S,3,1610612747,LAL,258,Grant,B. Grant,0,0,0,,0,0,0,0,h,MISS Grant Free Throw 1 of 2,Free Throw,Free Throw 1 of 2,0,0
299,300,PT01M08.00S,3,0,,1610612747,,,0,0,0,,0,0,0,0,h,LAKERS Rebound,Rebound,Normal Rebound,0,0
300,301,PT01M08.00S,3,1610612747,LAL,258,Grant,B. Grant,0,0,0,,0,52,74,126,h,Grant Free Throw 2 of 2 (3 PTS),Free Throw,Free Throw 2 of 2,0,0
301,302,PT00M53.40S,3,1610612747,LAL,2098,Medvedenko,S. Medvedenko,0,0,0,,0,0,0,0,h,Medvedenko P.FOUL (P3.PN),Foul,Personal,0,0
302,304,PT00M53.40S,3,1610612759,SAS,1938,Ginobili,M. Ginobili,0,0,0,,0,52,75,127,v,Ginobili Free Throw 1 of 2 (12 PTS),Free Throw,Free Throw 1 of 2,0,0
303,305,PT00M53.40S,3,1610612747,LAL,2098,Medvedenko,S. Medvedenko,0,0,0,,0,0,0,0,h,SUB: Cook FOR Medvedenko,Substitution,,0,0
304,306,PT00M53.40S,3,1610612759,SAS,1938,Ginobili,M. Ginobili,0,0,0,,0,52,76,128,v,Ginobili Free Throw 2 of 2 (13 PTS),Free Throw,Free Throw 2 of 2,0,0
305,307,PT00M39.90S,3,1610612747,LAL,2406,Butler,C. Butler,0,0,0,,0,0,0,0,h,Butler Bad Pass Turnover (P3.T15),Turnover,Bad Pass,0,0
306,307,PT00M39.90S,3,1610612759,SAS,1938,Ginobili,M. Ginobili,0,0,0,,0,0,0,0,v,Ginobili STEAL (2 STL),,,0,0
307,308,PT00M24.10S,3,1610612759,SAS,763,Massenburg,T. Massenburg,133,26,14,Made,1,52,78,130,v,Massenburg 14' Jump Shot (6 PTS) (Ginobili 5 AST),Made Shot,Jump Shot,0,0
308,309,PT00M11.90S,3,1610612747,LAL,1088,Atkins,C. Atkins,-66,160,17,Missed,1,0,0,0,h,MISS Atkins 17' Jump Shot,Missed Shot,Jump Shot,0,0
309,310,PT00M10.50S,3,1610612747,LAL,2575,Walton,L. Walton,0,0,0,,0,0,0,0,h,Walton REBOUND (Off:2 Def:2),Rebound,Unknown,0,0
310,311,PT00M07.90S,3,1610612747,LAL,2575,Walton,L. Walton,0,0,0,Missed,1,0,0,0,h,MISS Walton  Layup,Missed Shot,Layup Shot,0,0
311,312,PT00M06.90S,3,1610612759,SAS,1938,Ginobili,M. Ginobili,0,0,0,,0,0,0,0,v,Ginobili REBOUND (Off:2 Def:1),Rebound,Unknown,0,0
312,313,PT00M02.80S,3,1610612759,SAS,699,Barry,B. Barry,0,0,0,Made,1,52,80,132,v,Barry  Reverse Layup (7 PTS) (Rose 3 AST),Made Shot,Reverse Layup Shot,0,0
313,314,PT00M00.30S,3,1610612747,LAL,2406,Butler,C. Butler,-163,233,28,Made,1,55,80,135,h,Butler 28' 3PT Jump Shot (10 PTS) (Grant 1 AST),Made Shot,Jump Shot,0,0
314,315,PT00M00.00S,3,0,,0,,,0,0,0,,0,55,80,135,,Instant Replay3rd Period (13:31 PM EST),Instant Replay,Support Ruling,0,0
315,316,PT00M00.00S,3,0,,0,,,0,0,0,,0,55,80,135,,End of 3rd Period (13:32 PM EST),period,end,0,0
316,318,PT12M00.00S,4,0,,0,,,0,0,0,,0,55,80,135,,Start of 4th Period (13:34 PM EST),period,start,0,0
317,319,PT11M38.00S,4,1610612759,SAS,990,Rose,M. Rose,0,0,0,Made,1,55,82,137,v,Rose  Driving Layup (14 PTS),Made Shot,Driving Layup Shot,0,0
318,320,PT11M18.00S,4,1610612747,LAL,2567,Cook,B. Cook,-5,184,18,Made,1,57,82,139,h,Cook 18' Jump Shot (2 PTS) (Butler 1 AST),Made Shot,Jump Shot,0,0
319,321,PT11M12.00S,4,1610612759,SAS,763,Massenburg,T. Massenburg,0,0,0,,0,0,0,0,v,SUB: Horry FOR Massenburg,Substitution,,0,0
320,322,PT11M05.00S,4,1610612747,LAL,2406,Butler,C. Butler,0,0,0,,0,0,0,0,h,Butler P.FOUL (P4.T1),Foul,Personal,0,0
321,323,PT10M56.00S,4,1610612759,SAS,990,Rose,M. Rose,0,0,0,Made,1,57,84,141,v,Rose  Layup (16 PTS) (Ginobili 6 AST),Made Shot,Layup Shot,0,0
322,324,PT10M56.00S,4,1610612747,LAL,2567,Cook,B. Cook,0,0,0,,0,0,0,0,h,Cook S.FOUL (P4.T2),Foul,Shooting,0,0
323,325,PT10M56.00S,4,1610612759,SAS,990,Rose,M. Rose,0,0,0,,0,57,85,142,v,Rose Free Throw 1 of 1 (17 PTS),Free Throw,Free Throw 1 of 1,0,0
324,326,PT10M43.00S,4,1610612747,LAL,2575,Walton,L. Walton,0,0,0,Made,1,59,85,144,h,Walton  Layup (3 PTS) (Odom 3 AST),Made Shot,Layup Shot,0,0
325,327,PT10M43.00S,4,1610612759,SAS,699,Barry,B. Barry,0,0,0,,0,0,0,0,v,Barry S.FOUL (P1.T1),Foul,Shooting,0,0
326,328,PT10M43.00S,4,1610612747,LAL,2575,Walton,L. Walton,0,0,0,,0,0,0,0,h,MISS Walton Free Throw 1 of 1,Free Throw,Free Throw 1 of 1,0,0
327,329,PT10M41.00S,4,1610612759,SAS,990,Rose,M. Rose,0,0,0,,0,0,0,0,v,Rose REBOUND (Off:3 Def:4),Rebound,Unknown,0,0
328,330,PT10M35.00S,4,1610612759,SAS,109,Horry,R. Horry,0,0,0,Made,1,59,87,146,v,Horry  Layup (4 PTS) (Ginobili 7 AST),Made Shot,Layup Shot,0,0
329,331,PT10M22.00S,4,1610612747,LAL,2567,Cook,B. Cook,51,127,14,Made,1,61,87,148,h,Cook 14' Jump Shot (4 PTS) (Atkins 4 AST),Made Shot,Jump Shot,0,0
330,332,PT10M13.00S,4,1610612759,SAS,2757,Udrih,B. Udrih,0,0,0,Made,1,61,89,150,v,Udrih  Driving Layup (2 PTS) (Ginobili 8 AST),Made Shot,Driving Layup Shot,0,0
331,333,PT09M59.00S,4,1610612747,LAL,2567,Cook,B. Cook,-89,233,25,Made,1,64,89,153,h,Cook 25' 3PT Jump Shot (7 PTS),Made Shot,Jump Shot,0,0
332,334,PT09M42.00S,4,1610612759,SAS,109,Horry,R. Horry,0,0,0,,0,0,0,0,v,Horry Lost Ball Turnover (P1.T7),Turnover,Lost Ball,0,0
333,334,PT09M42.00S,4,1610612747,LAL,2406,Butler,C. Butler,0,0,0,,0,0,0,0,h,Butler STEAL (1 STL),,,0,0
334,335,PT09M38.00S,4,1610612759,SAS,2757,Udrih,B. Udrih,0,0,0,,0,0,0,0,v,Udrih S.FOUL (P1.T2),Foul,Shooting,0,0
335,336,PT09M38.00S,4,1610612747,LAL,2406,Butler,C. Butler,0,0,0,,0,65,89,154,h,Butler Free Throw 1 of 2 (11 PTS),Free Throw,Free Throw 1 of 2,0,0
336,337,PT09M38.00S,4,1610612759,SAS,109,Horry,R. Horry,0,0,0,,0,0,0,0,v,SUB: Brown FOR Horry,Substitution,,0,0
337,338,PT09M38.00S,4,1610612747,LAL,2406,Butler,C. Butler,0,0,0,,0,66,89,155,h,Butler Free Throw 2 of 2 (12 PTS),Free Throw,Free Throw 2 of 2,0,0
338,339,PT09M24.00S,4,1610612759,SAS,699,Barry,B. Barry,-154,204,26,Missed,1,0,0,0,v,MISS Barry 26' 3PT Jump Shot,Missed Shot,Jump Shot,0,0
339,340,PT09M22.00S,4,1610612759,SAS,990,Rose,M. Rose,0,0,0,,0,0,0,0,v,Rose REBOUND (Off:4 Def:4),Rebound,Unknown,0,0
340,341,PT09M15.00S,4,1610612759,SAS,1938,Ginobili,M. Ginobili,0,0,0,Missed,1,0,0,0,v,MISS Ginobili  Layup,Missed Shot,Layup Shot,0,0
341,342,PT09M14.00S,4,1610612747,LAL,1885,Odom,L. Odom,0,0,0,,0,0,0,0,h,Odom REBOUND (Off:0 Def:9),Rebound,Unknown,0,0
342,343,PT09M07.00S,4,1610612747,LAL,1088,Atkins,C. Atkins,-133,224,26,Missed,1,0,0,0,h,MISS Atkins 26' 3PT Jump Shot,Missed Shot,Jump Shot,0,0
343,344,PT09M06.00S,4,1610612759,SAS,1938,Ginobili,M. Ginobili,0,0,0,,0,0,0,0,v,Ginobili REBOUND (Off:2 Def:2),Rebound,Unknown,0,0
344,345,PT08M58.00S,4,1610612759,SAS,699,Barry,B. Barry,0,0,0,,0,0,0,0,v,Barry Bad Pass Turnover (P2.T8),Turnover,Bad Pass,0,0
345,345,PT08M58.00S,4,1610612747,LAL,1088,Atkins,C. Atkins,0,0,0,,0,0,0,0,h,Atkins STEAL (1 STL),,,0,0
346,346,PT08M52.00S,4,1610612747,LAL,2406,Butler,C. Butler,-130,105,17,Missed,1,0,0,0,h,MISS Butler 17' Jump Shot,Missed Shot,Jump Shot,0,0
347,348,PT08M49.00S,4,1610612747,LAL,2567,Cook,B. Cook,0,0,0,,0,0,0,0,h,Cook REBOUND (Off:1 Def:0),Rebound,Unknown,0,0
348,347,PT08M49.00S,4,1610612747,LAL,2567,Cook,B. Cook,0,0,0,Missed,1,0,0,0,h,MISS Cook  Tip Shot,Missed Shot,Tip Shot,0,0
349,349,PT08M47.00S,4,1610612759,SAS,699,Barry,B. Barry,0,0,0,,0,0,0,0,v,Barry REBOUND (Off:0 Def:2),Rebound,Unknown,0,0
350,350,PT08M43.00S,4,0,,1610612759,,,0,0,0,,0,0,0,0,v,Spurs Timeout: Regular (Reg.5 Short 0),Timeout,Regular,0,0
351,353,PT08M33.00S,4,1610612759,SAS,2757,Udrih,B. Udrih,-3,95,10,Missed,1,0,0,0,v,MISS Udrih 10' Jump Shot,Missed Shot,Jump Shot,0,0
352,354,PT08M32.00S,4,0,,1610612747,,,0,0,0,,0,0,0,0,h,LAKERS Rebound,Rebound,Unknown,0,0
353,355,PT08M32.00S,4,1610612759,SAS,990,Rose,M. Rose,0,0,0,,0,0,0,0,v,Rose L.B.FOUL (P3.T3),Foul,Loose Ball,0,0
354,356,PT08M22.00S,4,1610612759,SAS,990,Rose,M. Rose,0,0,0,,0,0,0,0,v,Rose S.FOUL (P4.T4),Foul,Shooting,0,0
355,357,PT08M22.00S,4,1610612747,LAL,1885,Odom,L. Odom,0,0,0,,0,0,0,0,h,MISS Odom Free Throw 1 of 2,Free Throw,Free Throw 1 of 2,0,0
356,358,PT08M22.00S,4,0,,1610612747,,,0,0,0,,0,0,0,0,h,LAKERS Rebound,Rebound,Normal Rebound,0,0
357,359,PT08M22.00S,4,1610612747,LAL,1885,Odom,L. Odom,0,0,0,,0,67,89,156,h,Odom Free Throw 2 of 2 (14 PTS),Free Throw,Free Throw 2 of 2,0,0
358,360,PT08M00.00S,4,1610612759,SAS,2484,Brown,D. Brown,213,123,25,Missed,1,0,0,0,v,MISS Brown 25' 3PT Jump Shot,Missed Shot,Jump Shot,0,0
359,361,PT07M59.00S,4,1610612747,LAL,2406,Butler,C. Butler,0,0,0,,0,0,0,0,h,Butler REBOUND (Off:0 Def:3),Rebound,Unknown,0,0
360,362,PT07M51.00S,4,1610612747,LAL,2406,Butler,C. Butler,0,0,0,,0,0,0,0,h,Butler Lost Ball Turnover (P4.T16),Turnover,Lost Ball,0,0
361,362,PT07M51.00S,4,1610612759,SAS,2757,Udrih,B. Udrih,0,0,0,,0,0,0,0,v,Udrih STEAL (1 STL),,,0,0
362,363,PT07M33.00S,4,1610612759,SAS,2757,Udrih,B. Udrih,126,238,27,Missed,1,0,0,0,v,MISS Udrih 27' 3PT Jump Shot,Missed Shot,Jump Shot,0,0
363,364,PT07M31.00S,4,1610612747,LAL,1885,Odom,L. Odom,0,0,0,,0,0,0,0,h,Odom REBOUND (Off:0 Def:10),Rebound,Unknown,0,0
364,365,PT07M29.00S,4,1610612759,SAS,2757,Udrih,B. Udrih,0,0,0,,0,0,0,0,v,Udrih S.FOUL (P2.PN),Foul,Shooting,0,0
365,366,PT07M29.00S,4,1610612759,SAS,1938,Ginobili,M. Ginobili,0,0,0,,0,0,0,0,v,SUB: Bowen FOR Ginobili,Substitution,,0,0
366,367,PT07M29.00S,4,1610612747,LAL,1088,Atkins,C. Atkins,0,0,0,,0,68,89,157,h,Atkins Free Throw 1 of 2 (11 PTS),Free Throw,Free Throw 1 of 2,0,0
367,369,PT07M29.00S,4,1610612759,SAS,2757,Udrih,B. Udrih,0,0,0,,0,0,0,0,v,SUB: Parker FOR Udrih,Substitution,,0,0
368,370,PT07M29.00S,4,1610612747,LAL,1088,Atkins,C. Atkins,0,0,0,,0,69,89,158,h,Atkins Free Throw 2 of 2 (12 PTS),Free Throw,Free Throw 2 of 2,0,0
369,371,PT07M12.00S,4,1610612759,SAS,990,Rose,M. Rose,-29,38,5,Missed,1,0,0,0,v,MISS Rose 5' Jump Shot,Missed Shot,Jump Shot,0,0
370,371,PT07M12.00S,4,1610612747,LAL,2575,Walton,L. Walton,0,0,0,,0,0,0,0,h,Walton BLOCK (2 BLK),,,0,0
371,372,PT07M10.00S,4,1610612747,LAL,2575,Walton,L. Walton,0,0,0,,0,0,0,0,h,Walton REBOUND (Off:2 Def:3),Rebound,Unknown,0,0
372,373,PT07M05.00S,4,1610612747,LAL,1088,Atkins,C. Atkins,0,0,0,Made,1,71,89,160,h,Atkins  Layup (14 PTS) (Walton 3 AST),Made Shot,Layup Shot,0,0
373,374,PT06M44.00S,4,1610612759,SAS,699,Barry,B. Barry,0,0,0,,0,0,0,0,v,Barry Bad Pass Turnover (P3.T9),Turnover,Bad Pass,0,0
374,374,PT06M44.00S,4,1610612747,LAL,2406,Butler,C. Butler,0,0,0,,0,0,0,0,h,Butler STEAL (2 STL),,,0,0
375,375,PT06M38.00S,4,1610612747,LAL,1885,Odom,L. Odom,0,0,0,Made,1,73,89,162,h,Odom  Driving Layup (16 PTS) (Walton 4 AST),Made Shot,Driving Layup Shot,0,0
376,376,PT06M21.00S,4,1610612759,SAS,2484,Brown,D. Brown,-26,184,19,Missed,1,0,0,0,v,MISS Brown 19' Jump Shot,Missed Shot,Jump Shot,0,0
377,377,PT06M20.00S,4,1610612759,SAS,990,Rose,M. Rose,0,0,0,,0,0,0,0,v,Rose REBOUND (Off:5 Def:4),Rebound,Unknown,0,0
378,378,PT06M10.00S,4,1610612759,SAS,1477,Bowen,B. Bowen,0,0,0,,0,0,0,0,v,Bowen Bad Pass Turnover (P2.T10),Turnover,Bad Pass,0,0
379,378,PT06M10.00S,4,1610612747,LAL,2575,Walton,L. Walton,0,0,0,,0,0,0,0,h,Walton STEAL (1 STL),,,0,0
380,379,PT06M10.00S,4,1610612759,SAS,1477,Bowen,B. Bowen,0,0,0,,0,0,0,0,v,Bowen P.FOUL (P1.PN),Foul,Personal,0,0
381,380,PT06M10.00S,4,1610612747,LAL,2575,Walton,L. Walton,0,0,0,,0,74,89,163,h,Walton Free Throw 1 of 2 (4 PTS),Free Throw,Free Throw 1 of 2,0,0
382,381,PT06M10.00S,4,1610612747,LAL,2575,Walton,L. Walton,0,0,0,,0,75,89,164,h,Walton Free Throw 2 of 2 (5 PTS),Free Throw,Free Throw 2 of 2,0,0
383,382,PT05M55.00S,4,1610612759,SAS,2484,Brown,D. Brown,0,0,0,,0,0,0,0,v,Brown Bad Pass Turnover (P1.T11),Turnover,Bad Pass,0,0
384,383,PT05M55.00S,4,0,,0,,,0,0,0,,0,0,0,0,,Timeout: Official,Timeout,Official,0,0
385,384,PT05M55.00S,4,1610612759,SAS,699,Barry,B. Barry,0,0,0,,0,0,0,0,v,SUB: Ginobili FOR Barry,Substitution,,0,0
386,385,PT05M55.00S,4,1610612759,SAS,990,Rose,M. Rose,0,0,0,,0,0,0,0,v,SUB: Massenburg FOR Rose,Substitution,,0,0
387,386,PT05M46.00S,4,1610612759,SAS,1477,Bowen,B. Bowen,0,0,0,,0,0,0,0,v,Bowen P.FOUL (P2.PN),Foul,Personal,0,0
388,387,PT05M46.00S,4,1610612747,LAL,1885,Odom,L. Odom,0,0,0,,0,76,89,165,h,Odom Free Throw 1 of 2 (17 PTS),Free Throw,Free Throw 1 of 2,0,0
389,388,PT05M46.00S,4,1610612747,LAL,1885,Odom,L. Odom,0,0,0,,0,77,89,166,h,Odom Free Throw 2 of 2 (18 PTS),Free Throw,Free Throw 2 of 2,0,0
390,389,PT05M29.00S,4,1610612759,SAS,763,Massenburg,T. Massenburg,66,18,7,Missed,1,0,0,0,v,MISS Massenburg 7' Jump Shot,Missed Shot,Jump Shot,0,0
391,390,PT05M27.00S,4,1610612747,LAL,1885,Odom,L. Odom,0,0,0,,0,0,0,0,h,Odom REBOUND (Off:0 Def:11),Rebound,Unknown,0,0
392,391,PT05M15.00S,4,1610612747,LAL,2406,Butler,C. Butler,-240,-11,24,Missed,1,0,0,0,h,MISS Butler 24' 3PT Jump Shot,Missed Shot,Jump Shot,0,0
393,393,PT05M12.00S,4,1610612747,LAL,2575,Walton,L. Walton,0,0,0,,0,0,0,0,h,Jump Ball Walton vs. Ginobili: Tip to Parker,Jump Ball,,0,0
394,394,PT05M12.00S,4,0,,1610612759,,,0,0,0,,0,0,0,0,v,Spurs Rebound,Rebound,Unknown,0,0
395,395,PT05M05.00S,4,1610612759,SAS,2225,Parker,T. Parker,16,56,6,Missed,1,0,0,0,v,MISS Parker 6' Jump Shot,Missed Shot,Jump Shot,0,0
396,396,PT05M01.00S,4,1610612747,LAL,2575,Walton,L. Walton,0,0,0,,0,0,0,0,h,Walton REBOUND (Off:2 Def:4),Rebound,Unknown,0,0
397,397,PT04M54.00S,4,1610612747,LAL,1088,Atkins,C. Atkins,0,0,0,Made,1,79,89,168,h,Atkins  Driving Finger Roll (16 PTS) (Walton 5 AST),Made Shot,Driving Finger Roll Shot,0,0
398,398,PT04M33.00S,4,1610612759,SAS,2225,Parker,T. Parker,-18,56,6,Made,1,79,91,170,v,Parker 6' Jump Shot (18 PTS),Made Shot,Jump Shot,0,0
399,399,PT04M33.00S,4,1610612747,LAL,1088,Atkins,C. Atkins,0,0,0,,0,0,0,0,h,Atkins S.FOUL (P3.T3),Foul,Shooting,0,0
400,400,PT04M33.00S,4,1610612759,SAS,2225,Parker,T. Parker,0,0,0,,0,0,0,0,v,MISS Parker Free Throw 1 of 1,Free Throw,Free Throw 1 of 1,0,0
401,401,PT04M32.00S,4,1610612747,LAL,2567,Cook,B. Cook,0,0,0,,0,0,0,0,h,Cook REBOUND (Off:1 Def:1),Rebound,Unknown,0,0
402,402,PT04M23.00S,4,1610612747,LAL,1885,Odom,L. Odom,0,0,0,Made,1,81,91,172,h,Odom  Layup (20 PTS) (Atkins 5 AST),Made Shot,Layup Shot,0,0
403,403,PT04M06.00S,4,1610612759,SAS,2484,Brown,D. Brown,-233,35,24,Missed,1,0,0,0,v,MISS Brown 24' 3PT Jump Shot,Missed Shot,Jump Shot,0,0
404,404,PT04M04.00S,4,1610612747,LAL,1885,Odom,L. Odom,0,0,0,,0,0,0,0,h,Odom REBOUND (Off:0 Def:12),Rebound,Unknown,0,0
405,405,PT03M52.00S,4,1610612747,LAL,2567,Cook,B. Cook,-163,118,20,Missed,1,0,0,0,h,MISS Cook 20' Jump Shot,Missed Shot,Jump Shot,0,0
406,406,PT03M51.00S,4,1610612747,LAL,1885,Odom,L. Odom,0,0,0,,0,0,0,0,h,Odom REBOUND (Off:1 Def:12),Rebound,Unknown,0,0
407,407,PT03M51.00S,4,1610612747,LAL,1885,Odom,L. Odom,-3,12,1,Made,1,83,91,174,h,Odom 1' Layup (22 PTS),Made Shot,Layup Shot,0,0
408,408,PT03M51.00S,4,1610612759,SAS,1938,Ginobili,M. Ginobili,0,0,0,,0,0,0,0,v,Ginobili S.FOUL (P3.PN),Foul,Shooting,0,0
409,409,PT03M51.00S,4,1610612747,LAL,1885,Odom,L. Odom,0,0,0,,0,84,91,175,h,Odom Free Throw 1 of 1 (23 PTS),Free Throw,Free Throw 1 of 1,0,0
410,410,PT03M37.00S,4,1610612759,SAS,2225,Parker,T. Parker,0,0,0,Made,1,84,93,177,v,Parker  Driving Layup (20 PTS),Made Shot,Driving Layup Shot,0,0
411,411,PT03M30.00S,4,1610612759,SAS,1938,Ginobili,M. Ginobili,0,0,0,,0,0,0,0,v,Ginobili S.FOUL (P4.PN),Foul,Shooting,0,0
412,412,PT03M30.00S,4,1610612759,SAS,1477,Bowen,B. Bowen,0,0,0,,0,0,0,0,v,SUB: Rose FOR Bowen,Substitution,,0,0
413,413,PT03M30.00S,4,1610612747,LAL,1088,Atkins,C. Atkins,0,0,0,,0,85,93,178,h,Atkins Free Throw 1 of 2 (17 PTS),Free Throw,Free Throw 1 of 2,0,0
414,414,PT03M30.00S,4,1610612747,LAL,1088,Atkins,C. Atkins,0,0,0,,0,86,93,179,h,Atkins Free Throw 2 of 2 (18 PTS),Free Throw,Free Throw 2 of 2,0,0
415,415,PT03M19.00S,4,1610612747,LAL,2567,Cook,B. Cook,0,0,0,,0,0,0,0,h,Cook S.FOUL (P5.T4),Foul,Shooting,0,0
416,416,PT03M19.00S,4,1610612759,SAS,1938,Ginobili,M. Ginobili,0,0,0,,0,86,94,180,v,Ginobili Free Throw 1 of 2 (14 PTS),Free Throw,Free Throw 1 of 2,0,0
417,418,PT03M19.00S,4,0,,1610612747,,,0,0,0,,0,0,0,0,h,LAKERS Timeout: Regular (Full 3 Short 1),Timeout,Regular,0,0
418,422,PT03M19.00S,4,1610612759,SAS,1938,Ginobili,M. Ginobili,0,0,0,,0,86,95,181,v,Ginobili Free Throw 2 of 2 (15 PTS),Free Throw,Free Throw 2 of 2,0,0
419,423,PT03M04.00S,4,1610612747,LAL,1088,Atkins,C. Atkins,0,0,0,,0,0,0,0,h,Atkins Bad Pass Turnover (P3.T17),Turnover,Bad Pass,0,0
420,423,PT03M04.00S,4,1610612759,SAS,2484,Brown,D. Brown,0,0,0,,0,0,0,0,v,Brown STEAL (2 STL),,,0,0
421,424,PT03M04.00S,4,1610612747,LAL,2406,Butler,C. Butler,0,0,0,,0,0,0,0,h,Butler P.FOUL (P5.PN),Foul,Personal,0,0
422,425,PT03M04.00S,4,1610612759,SAS,2484,Brown,D. Brown,0,0,0,,0,86,96,182,v,Brown Free Throw 1 of 2 (4 PTS),Free Throw,Free Throw 1 of 2,0,0
423,426,PT03M04.00S,4,1610612759,SAS,2484,Brown,D. Brown,0,0,0,,0,86,97,183,v,Brown Free Throw 2 of 2 (5 PTS),Free Throw,Free Throw 2 of 2,0,0
424,427,PT02M51.00S,4,1610612747,LAL,2575,Walton,L. Walton,0,0,0,Missed,1,0,0,0,h,MISS Walton  Layup,Missed Shot,Layup Shot,0,0
425,428,PT02M49.00S,4,1610612759,SAS,2484,Brown,D. Brown,0,0,0,,0,0,0,0,v,Brown REBOUND (Off:0 Def:1),Rebound,Unknown,0,0
426,429,PT02M31.00S,4,1610612759,SAS,2484,Brown,D. Brown,-238,102,26,Missed,1,0,0,0,v,MISS Brown 26' 3PT Jump Shot,Missed Shot,Jump Shot,0,0
427,430,PT02M29.00S,4,1610612759,SAS,990,Rose,M. Rose,0,0,0,,0,0,0,0,v,Rose REBOUND (Off:6 Def:4),Rebound,Unknown,0,0
428,431,PT02M04.00S,4,1610612759,SAS,2484,Brown,D. Brown,-122,118,17,Missed,1,0,0,0,v,MISS Brown 17' Jump Shot,Missed Shot,Jump Shot,0,0
429,432,PT02M02.00S,4,1610612759,SAS,2225,Parker,T. Parker,0,0,0,,0,0,0,0,v,Parker REBOUND (Off:2 Def:2),Rebound,Unknown,0,0
430,433,PT01M46.00S,4,1610612759,SAS,2225,Parker,T. Parker,-154,109,19,Made,1,86,99,185,v,Parker 19' Jump Shot (22 PTS),Made Shot,Jump Shot,0,0
431,434,PT01M43.00S,4,1610612759,SAS,2225,Parker,T. Parker,0,0,0,,0,0,0,0,v,Parker P.FOUL (P2.PN),Foul,Personal,0,0
432,435,PT01M43.00S,4,1610612747,LAL,2406,Butler,C. Butler,0,0,0,,0,87,99,186,h,Butler Free Throw 1 of 2 (13 PTS),Free Throw,Free Throw 1 of 2,0,0
433,436,PT01M43.00S,4,1610612747,LAL,2406,Butler,C. Butler,0,0,0,,0,88,99,187,h,Butler Free Throw 2 of 2 (14 PTS),Free Throw,Free Throw 2 of 2,0,0
434,437,PT01M20.00S,4,1610612759,SAS,1938,Ginobili,M. Ginobili,87,161,18,Made,1,88,101,189,v,Ginobili 18' Jump Shot (17 PTS) (Parker 9 AST),Made Shot,Jump Shot,0,0
435,438,PT01M13.00S,4,1610612747,LAL,2567,Cook,B. Cook,-115,238,26,Made,1,91,101,192,h,Cook 26' 3PT Jump Shot (10 PTS) (Walton 6 AST),Made Shot,Jump Shot,0,0
436,439,PT00M59.90S,4,1610612759,SAS,763,Massenburg,T. Massenburg,0,0,0,Missed,1,0,0,0,v,MISS Massenburg  Layup,Missed Shot,Layup Shot,0,0
437,440,PT00M58.80S,4,1610612759,SAS,990,Rose,M. Rose,0,0,0,,0,0,0,0,v,Rose REBOUND (Off:7 Def:4),Rebound,Unknown,0,0
438,441,PT00M40.60S,4,1610612759,SAS,990,Rose,M. Rose,0,0,0,Made,1,91,103,194,v,Rose  Layup (19 PTS) (Ginobili 9 AST),Made Shot,Layup Shot,0,0
439,442,PT00M32.90S,4,1610612747,LAL,2575,Walton,L. Walton,115,250,28,Missed,1,0,0,0,h,MISS Walton 28' 3PT Jump Shot,Missed Shot,Jump Shot,0,0
440,443,PT00M30.40S,4,1610612759,SAS,2225,Parker,T. Parker,0,0,0,,0,0,0,0,v,Parker REBOUND (Off:2 Def:3),Rebound,Unknown,0,0
441,444,PT00M11.90S,4,1610612759,SAS,2225,Parker,T. Parker,-43,161,17,Missed,1,0,0,0,v,MISS Parker 17' Jump Shot,Missed Shot,Jump Shot,0,0
442,445,PT00M09.80S,4,1610612759,SAS,763,Massenburg,T. Massenburg,0,0,0,,0,0,0,0,v,Massenburg REBOUND (Off:2 Def:1),Rebound,Unknown,0,0
443,447,PT00M00.00S,4,0,,0,,,0,0,0,,0,91,103,194,,End of 4th Period (14:09 PM EST),period,end,0,0
