actionId,actionNumber,clock,period,teamId,teamTricode,personId,playerName,playerNameI,xLegacy,yLegacy,shotDistance,shotResult,isFieldGoal,scoreHome,scoreAway,pointsTotal,location,description,actionType,subType,videoAvailable,shotValue
1,2,PT12M00.00S,1,0,,0,,,0,0,0,,0,0,0,0,,Start of 1st Period (7:10 PM EST),period,start,0,0
2,4,PT12M00.00S,1,1610612753,ORL,202696,Vucevic,N. Vucevic,0,0,0,,0,,,0,h,Jump Ball Vucevic vs. Ibaka: Tip to Ibaka,Jump Ball,,1,0
3,7,PT11M40.00S,1,1610612761,TOR,202685,Valanciunas,J. Valanciunas,-8,128,13,Made,1,0,2,2,v,Valanciunas 13' Pullup Jump Shot (2 PTS) (Lowry 1 AST),Made Shot,Pullup Jump shot,1,0
4,9,PT11M19.00S,1,1610612753,ORL,202696,Vucevic,N. Vucevic,67,53,9,Missed,1,,,0,h,MISS Vucevic 9' Turnaround Hook Shot,Missed Shot,Turnaround Hook Shot,1,0
5,10,PT11M17.00S,1,1610612761,TOR,202685,Valanciunas,J. Valanciunas,0,0,0,,0,,,0,v,Valanciunas REBOUND (Off:0 Def:1),Rebound,Unknown,1,0
6,11,PT10M56.00S,1,1610612761,TOR,201586,Ibaka,S. Ibaka,165,204,26,Missed,1,,,0,v,MISS Ibaka 26' 3PT Jump Shot,Missed Shot,Jump Shot,1,0
7,12,PT10M55.00S,1,1610612753,ORL,201571,Augustin,D. Augustin,0,0,0,,0,,,0,h,Augustin REBOUND (Off:0 Def:1),Rebound,Unknown,1,0
8,14,PT10M51.00S,1,1610612753,ORL,202696,Vucevic,N. Vucevic,-32,26,4,Missed,1,,,0,h,MISS Vucevic 4' Turnaround Hook Shot,Missed Shot,Turnaround Hook Shot,1,0
9,15,PT10M49.00S,1,1610612753,ORL,1628371,Isaac,J. Isaac,0,0,0,,0,,,0,h,Isaac REBOUND (Off:1 Def:0),Rebound,Unknown,1,0
10,16,PT10M45.00S,1,1610612753,ORL,1628371,Isaac,J. Isaac,-136,-15,14,Missed,1,,,0,h,MISS Isaac 14' Jump Shot,Missed Shot,Jump Shot,1,0
11,17,PT10M43.00S,1,1610612761,TOR,1628384,Anunoby,O. Anunoby,0,0,0,,0,,,0,v,Anunoby REBOUND (Off:0 Def:1),Rebound,Unknown,1,0
12,18,PT10M33.00S,1,1610612761,TOR,202685,Valanciunas,J. Valanciunas,9,18,2,Made,1,0,4,4,v,Valanciunas 2' Driving Dunk (4 PTS) (Lowry 2 AST),Made Shot,Driving Dunk Shot,1,0
13,20,PT10M14.00S,1,1610612753,ORL,201167,Afflalo,A. Afflalo,-102,88,13,Made,1,2,4,6,h,Afflalo 13' Turnaround Jump Shot (2 PTS),Made Shot,Turnaround Jump Shot,1,0
14,21,PT09M59.00S,1,1610612761,TOR,202685,Valanciunas,J. Valanciunas,0,0,0,,0,,,0,v,Valanciunas Bad Pass Turnover (P1.T1),Turnover,Bad Pass,1,0
15,21,PT09M59.00S,1,1610612753,ORL,203932,Gordon,A. Gordon,0,0,0,,0,,,0,h,Gordon STEAL (1 STL),,,1,0
16,23,PT09M52.00S,1,1610612753,ORL,203932,Gordon,A. Gordon,34,11,4,Made,1,4,4,8,h,Gordon 4' Running Dunk (2 PTS),Made Shot,Running Dunk Shot,1,0
17,26,PT09M34.00S,1,1610612761,TOR,202685,Valanciunas,J. Valanciunas,-49,59,8,Made,1,4,6,10,v,Valanciunas 8' Driving Hook Shot (6 PTS),Made Shot,Driving Hook Shot,1,0
18,27,PT09M14.00S,1,1610612753,ORL,201167,Afflalo,A. Afflalo,0,0,0,,0,,,0,h,Afflalo Bad Pass Turnover (P1.T1),Turnover,Bad Pass,1,0
19,27,PT09M14.00S,1,1610612761,TOR,202685,Valanciunas,J. Valanciunas,0,0,0,,0,,,0,v,Valanciunas STEAL (1 STL),,,1,0
20,29,PT09M05.00S,1,1610612761,TOR,201586,Ibaka,S. Ibaka,-132,141,19,Missed,1,,,0,v,MISS Ibaka 19' Jump Shot,Missed Shot,Jump Shot,1,0
21,30,PT09M02.00S,1,1610612753,ORL,203932,Gordon,A. Gordon,0,0,0,,0,,,0,h,Gordon REBOUND (Off:0 Def:1),Rebound,Unknown,1,0
22,31,PT08M58.00S,1,1610612753,ORL,202696,Vucevic,N. Vucevic,19,15,2,Made,1,6,6,12,h,Vucevic 2' Running Alley Oop Dunk Shot (2 PTS) (Gordon 1 AST),Made Shot,Running Alley Oop Dunk Shot,1,0
23,33,PT08M47.00S,1,1610612761,TOR,1626259,Miller,M. Miller,0,0,0,,0,,,0,v,Miller Bad Pass Turnover (P1.T2),Turnover,Bad Pass,1,0
24,33,PT08M47.00S,1,1610612753,ORL,1628371,Isaac,J. Isaac,0,0,0,,0,,,0,h,Isaac STEAL (1 STL),,,1,0
25,35,PT08M44.00S,1,1610612753,ORL,1628371,Isaac,J. Isaac,30,19,4,Made,1,8,6,14,h,Isaac 4' Running Dunk (2 PTS) (Augustin 1 AST),Made Shot,Running Dunk Shot,1,0
26,37,PT08M20.00S,1,1610612761,TOR,200768,Lowry,K. Lowry,-16,274,27,Missed,1,,,0,v,MISS Lowry 27' 3PT Jump Shot,Missed Shot,Jump Shot,1,0
27,38,PT08M18.00S,1,1610612753,ORL,1628371,Isaac,J. Isaac,0,0,0,,0,,,0,h,Isaac REBOUND (Off:1 Def:1),Rebound,Unknown,1,0
28,39,PT08M14.00S,1,1610612753,ORL,203932,Gordon,A. Gordon,23,3,2,Made,1,10,6,16,h,Gordon 2' Running Alley Oop Dunk Shot (4 PTS) (Augustin 2 AST),Made Shot,Running Alley Oop Dunk Shot,1,0
29,41,PT08M05.00S,1,0,,1610612761,,,0,0,0,,0,,,0,v,Raptors Timeout: Regular (Reg.1 Short 0),Timeout,Regular,0,0
30,42,PT07M54.00S,1,1610612761,TOR,1628384,Anunoby,O. Anunoby,-239,5,24,Missed,1,,,0,v,MISS Anunoby 24' 3PT Jump Shot,Missed Shot,Jump Shot,1,0
31,43,PT07M51.00S,1,1610612753,ORL,202696,Vucevic,N. Vucevic,0,0,0,,0,,,0,h,Vucevic REBOUND (Off:0 Def:1),Rebound,Unknown,1,0
32,44,PT07M31.00S,1,1610612753,ORL,201571,Augustin,D. Augustin,-138,222,26,Missed,1,,,0,h,MISS Augustin 26' 3PT Pullup Jump Shot,Missed Shot,Pullup Jump shot,1,0
33,45,PT07M26.00S,1,1610612753,ORL,201167,Afflalo,A. Afflalo,0,0,0,,0,,,0,h,Afflalo REBOUND (Off:1 Def:0),Rebound,Unknown,1,0
34,46,PT07M25.00S,1,1610612753,ORL,203932,Gordon,A. Gordon,-220,140,26,Missed,1,,,0,h,MISS Gordon 26' 3PT Jump Shot,Missed Shot,Jump Shot,1,0
35,47,PT07M22.00S,1,1610612761,TOR,200768,Lowry,K. Lowry,0,0,0,,0,,,0,v,Lowry REBOUND (Off:0 Def:1),Rebound,Unknown,1,0
36,48,PT07M15.00S,1,1610612761,TOR,201586,Ibaka,S. Ibaka,-134,41,14,Missed,1,,,0,v,MISS Ibaka 14' Turnaround Jump Shot,Missed Shot,Turnaround Jump Shot,1,0
37,48,PT07M15.00S,1,1610612753,ORL,1628371,Isaac,J. Isaac,0,0,0,,0,,,0,h,Isaac BLOCK (1 BLK),,,1,0
38,50,PT07M11.00S,1,1610612761,TOR,202685,Valanciunas,J. Valanciunas,0,0,0,,0,,,0,v,Valanciunas REBOUND (Off:1 Def:1),Rebound,Unknown,1,0
39,51,PT07M05.00S,1,1610612761,TOR,201586,Ibaka,S. Ibaka,-229,36,0,Made,1,10,9,19,v,Ibaka 3PT Jump Shot (3 PTS) (Valanciunas 1 AST),Made Shot,Jump Shot,1,0
40,53,PT06M51.00S,1,1610612753,ORL,201167,Afflalo,A. Afflalo,22,161,16,Missed,1,,,0,h,MISS Afflalo 16' Step Back Jump Shot,Missed Shot,Step Back Jump shot,1,0
41,54,PT06M49.00S,1,1610612761,TOR,201586,Ibaka,S. Ibaka,0,0,0,,0,,,0,v,Ibaka REBOUND (Off:0 Def:1),Rebound,Unknown,1,0
42,55,PT06M43.00S,1,1610612753,ORL,201571,Augustin,D. Augustin,0,0,0,,0,,,0,h,Augustin P.FOUL (P1.T1) (M.Ayotte),Foul,Personal,1,0
43,57,PT06M34.00S,1,1610612761,TOR,202685,Valanciunas,J. Valanciunas,35,59,7,Missed,1,,,0,v,MISS Valanciunas 7' Turnaround Jump Shot,Missed Shot,Turnaround Jump Shot,1,0
44,58,PT06M32.00S,1,1610612753,ORL,1628371,Isaac,J. Isaac,0,0,0,,0,,,0,h,Isaac REBOUND (Off:1 Def:2),Rebound,Unknown,1,0
45,59,PT06M25.00S,1,1610612753,ORL,1628371,Isaac,J. Isaac,-48,257,26,Made,1,13,9,22,h,Isaac 26' 3PT Jump Shot (5 PTS) (Vucevic 1 AST),Made Shot,Jump Shot,1,0
46,61,PT06M12.00S,1,1610612761,TOR,202685,Valanciunas,J. Valanciunas,-1,59,6,Made,1,13,11,24,v,Valanciunas 6' Hook Shot (8 PTS) (Lowry 3 AST),Made Shot,Hook Shot,1,0
47,63,PT05M57.00S,1,1610612753,ORL,202696,Vucevic,N. Vucevic,136,94,17,Missed,1,,,0,h,MISS Vucevic 17' Jump Shot,Missed Shot,Jump Shot,1,0
48,64,PT05M55.00S,1,1610612761,TOR,202685,Valanciunas,J. Valanciunas,0,0,0,,0,,,0,v,Valanciunas REBOUND (Off:1 Def:2),Rebound,Unknown,1,0
49,65,PT05M48.00S,1,1610612761,TOR,1628384,Anunoby,O. Anunoby,41,22,5,Missed,1,,,0,v,MISS Anunoby 5' Driving Layup,Missed Shot,Driving Layup Shot,1,0
50,66,PT05M45.00S,1,1610612753,ORL,202696,Vucevic,N. Vucevic,0,0,0,,0,,,0,h,Vucevic REBOUND (Off:0 Def:2),Rebound,Unknown,1,0
51,67,PT05M39.00S,1,1610612753,ORL,1628371,Isaac,J. Isaac,115,234,26,Made,1,16,11,27,h,Isaac 26' 3PT Jump Shot (8 PTS) (Gordon 2 AST),Made Shot,Jump Shot,1,0
52,69,PT05M39.00S,1,1610612761,TOR,201586,Ibaka,S. Ibaka,0,0,0,,0,,,0,v,Ibaka S.FOUL (P1.T1) (J.Goble),Foul,Shooting,1,0
53,71,PT05M39.00S,1,1610612753,ORL,201167,Afflalo,A. Afflalo,0,0,0,,0,,,0,h,SUB: Iwundu FOR Afflalo,Substitution,,0,0
54,73,PT05M39.00S,1,1610612753,ORL,1628371,Isaac,J. Isaac,0,0,0,,0,,,0,h,MISS Isaac Free Throw 1 of 1,Free Throw,Free Throw 1 of 1,0,0
55,74,PT05M39.00S,1,1610612761,TOR,202685,Valanciunas,J. Valanciunas,0,0,0,,0,,,0,v,Valanciunas REBOUND (Off:1 Def:3),Rebound,Unknown,1,0
56,75,PT05M22.00S,1,1610612761,TOR,200768,Lowry,K. Lowry,89,239,26,Missed,1,,,0,v,MISS Lowry 26' 3PT Pullup Jump Shot,Missed Shot,Pullup Jump shot,1,0
57,76,PT05M20.00S,1,1610612753,ORL,1628371,Isaac,J. Isaac,0,0,0,,0,,,0,h,Isaac REBOUND (Off:1 Def:3),Rebound,Unknown,1,0
58,77,PT05M12.00S,1,1610612753,ORL,202696,Vucevic,N. Vucevic,-3,14,1,Made,1,18,11,29,h,Vucevic 1' Cutting Layup Shot (4 PTS) (Augustin 3 AST),Made Shot,Cutting Layup Shot,1,0
59,79,PT04M54.00S,1,1610612761,TOR,200768,Lowry,K. Lowry,-5,260,26,Made,1,18,14,32,v,Lowry 26' 3PT Jump Shot (3 PTS) (Valanciunas 2 AST),Made Shot,Jump Shot,1,0
60,81,PT04M38.00S,1,1610612753,ORL,1628371,Isaac,J. Isaac,-42,45,6,Missed,1,,,0,h,MISS Isaac 6' Hook Shot,Missed Shot,Hook Shot,1,0
61,82,PT04M36.00S,1,1610612761,TOR,202685,Valanciunas,J. Valanciunas,0,0,0,,0,,,0,v,Valanciunas REBOUND (Off:1 Def:4),Rebound,Unknown,1,0
62,83,PT04M31.00S,1,1610612761,TOR,202685,Valanciunas,J. Valanciunas,-1,256,26,Missed,1,,,0,v,MISS Valanciunas 26' 3PT Jump Shot,Missed Shot,Jump Shot,1,0
63,84,PT04M27.00S,1,1610612753,ORL,1628411,Iwundu,W. Iwundu,0,0,0,,0,,,0,h,Iwundu REBOUND (Off:0 Def:1),Rebound,Unknown,1,0
64,85,PT04M05.00S,1,1610612753,ORL,1628411,Iwundu,W. Iwundu,-227,-12,0,Missed,1,,,0,h,MISS Iwundu 3PT Jump Shot,Missed Shot,Jump Shot,1,0
65,86,PT04M03.00S,1,1610612761,TOR,200768,Lowry,K. Lowry,0,0,0,,0,,,0,v,Lowry REBOUND (Off:0 Def:2),Rebound,Unknown,1,0
66,87,PT03M58.00S,1,1610612761,TOR,200768,Lowry,K. Lowry,-149,217,26,Made,1,18,17,35,v,Lowry 26' 3PT Pullup Jump Shot (6 PTS),Made Shot,Pullup Jump shot,1,0
67,88,PT03M47.00S,1,0,,1610612753,,,0,0,0,,0,,,0,h,MAGIC Timeout: Regular (Full 1 Short 0),Timeout,Regular,0,0
68,89,PT03M47.00S,1,1610612753,ORL,1628371,Isaac,J. Isaac,0,0,0,,0,,,0,h,SUB: Hezonja FOR Isaac,Substitution,,0,0
69,90,PT03M47.00S,1,1610612761,TOR,1628384,Anunoby,O. Anunoby,0,0,0,,0,,,0,v,SUB: Miles FOR Anunoby,Substitution,,0,0
70,91,PT03M47.00S,1,1610612761,TOR,1626259,Miller,M. Miller,0,0,0,,0,,,0,v,SUB: Poeltl FOR Miller,Substitution,,0,0
71,92,PT03M47.00S,1,1610612761,TOR,202685,Valanciunas,J. Valanciunas,0,0,0,,0,,,0,v,SUB: Wright FOR Valanciunas,Substitution,,0,0
72,98,PT03M31.00S,1,1610612753,ORL,1626209,Hezonja,M. Hezonja,17,46,5,Missed,1,,,0,h,MISS Hezonja 5' Driving Layup,Missed Shot,Driving Layup Shot,1,0
73,99,PT03M29.00S,1,1610612761,TOR,1626153,Wright,D. Wright,0,0,0,,0,,,0,v,Wright REBOUND (Off:0 Def:1),Rebound,Unknown,1,0
74,100,PT03M24.00S,1,1610612761,TOR,101139,Miles,C. Miles,-204,10,20,Missed,1,,,0,v,MISS Miles 20' Jump Shot,Missed Shot,Jump Shot,1,0
75,101,PT03M19.00S,1,1610612753,ORL,201571,Augustin,D. Augustin,0,0,0,,0,,,0,h,Augustin REBOUND (Off:0 Def:2),Rebound,Unknown,1,0
76,102,PT03M03.00S,1,1610612753,ORL,202696,Vucevic,N. Vucevic,-2,30,3,Missed,1,,,0,h,MISS Vucevic 3' Layup,Missed Shot,Layup Shot,1,0
77,102,PT03M03.00S,1,1610612761,TOR,1626153,Wright,D. Wright,0,0,0,,0,,,0,v,Wright BLOCK (1 BLK),,,1,0
78,104,PT03M03.00S,1,0,,1610612761,,,0,0,0,,0,,,0,v,Raptors Rebound,Rebound,Unknown,0,0
79,105,PT02M50.00S,1,1610612761,TOR,1627751,Poeltl,J. Poeltl,14,27,3,Made,1,18,19,37,v,Poeltl 3' Dunk (2 PTS) (Lowry 4 AST),Made Shot,Dunk Shot,1,0
80,107,PT02M34.00S,1,1610612753,ORL,1626209,Hezonja,M. Hezonja,78,167,18,Missed,1,,,0,h,MISS Hezonja 18' Jump Shot,Missed Shot,Jump Shot,1,0
81,108,PT02M32.00S,1,1610612761,TOR,201586,Ibaka,S. Ibaka,0,0,0,,0,,,0,v,Ibaka REBOUND (Off:0 Def:2),Rebound,Unknown,1,0
82,109,PT02M24.00S,1,1610612761,TOR,200768,Lowry,K. Lowry,-22,17,3,Missed,1,,,0,v,MISS Lowry 3' Driving Reverse Layup,Missed Shot,Driving Reverse Layup Shot,1,0
83,110,PT02M21.00S,1,1610612753,ORL,202696,Vucevic,N. Vucevic,0,0,0,,0,,,0,h,Vucevic REBOUND (Off:0 Def:3),Rebound,Unknown,1,0
84,111,PT02M13.00S,1,1610612753,ORL,202696,Vucevic,N. Vucevic,-2,14,1,Made,1,20,19,39,h,Vucevic 1' Cutting Dunk Shot (6 PTS) (Augustin 4 AST),Made Shot,Cutting Dunk Shot,1,0
85,113,PT01M59.00S,1,1610612761,TOR,201586,Ibaka,S. Ibaka,-6,58,6,Made,1,20,21,41,v,Ibaka 6' Floating Jump Shot (5 PTS),Made Shot,Floating Jump shot,1,0
86,114,PT01M59.00S,1,1610612753,ORL,1626209,Hezonja,M. Hezonja,0,0,0,,0,,,0,h,Hezonja S.FOUL (P1.T2) (Z.Zarba),Foul,Shooting,1,0
87,116,PT01M59.00S,1,1610612753,ORL,203932,Gordon,A. Gordon,0,0,0,,0,,,0,h,SUB: Mack FOR Gordon,Substitution,,0,0
88,117,PT01M59.00S,1,1610612753,ORL,201571,Augustin,D. Augustin,0,0,0,,0,,,0,h,SUB: Birch FOR Augustin,Substitution,,0,0
89,118,PT01M59.00S,1,1610612761,TOR,200768,Lowry,K. Lowry,0,0,0,,0,,,0,v,SUB: Powell FOR Lowry,Substitution,,0,0
90,122,PT01M59.00S,1,1610612761,TOR,201586,Ibaka,S. Ibaka,0,0,0,,0,20,22,42,v,Ibaka Free Throw 1 of 1 (6 PTS),Free Throw,Free Throw 1 of 1,0,0
91,123,PT01M40.00S,1,1610612753,ORL,1626209,Hezonja,M. Hezonja,154,214,26,Missed,1,,,0,h,MISS Hezonja 26' 3PT Jump Shot,Missed Shot,Jump Shot,1,0
92,124,PT01M33.00S,1,1610612753,ORL,1628411,Iwundu,W. Iwundu,0,0,0,,0,,,0,h,Iwundu REBOUND (Off:1 Def:1),Rebound,Unknown,1,0
93,125,PT01M26.00S,1,1610612753,ORL,202696,Vucevic,N. Vucevic,0,0,0,,0,,,0,h,Vucevic Bad Pass Turnover (P1.T2),Turnover,Bad Pass,1,0
94,125,PT01M26.00S,1,1610612761,TOR,1626153,Wright,D. Wright,0,0,0,,0,,,0,v,Wright STEAL (1 STL),,,1,0
95,127,PT01M19.00S,1,1610612761,TOR,101139,Miles,C. Miles,84,244,26,Missed,1,,,0,v,MISS Miles 26' 3PT Jump Shot,Missed Shot,Jump Shot,1,0
96,128,PT01M14.00S,1,1610612753,ORL,203920,Birch,K. Birch,0,0,0,,0,,,0,h,Birch REBOUND (Off:0 Def:1),Rebound,Unknown,1,0
97,129,PT01M06.00S,1,1610612753,ORL,202696,Vucevic,N. Vucevic,-58,19,6,Missed,1,,,0,h,MISS Vucevic 6' Turnaround Jump Shot,Missed Shot,Turnaround Jump Shot,1,0
98,130,PT01M06.00S,1,1610612761,TOR,101139,Miles,C. Miles,0,0,0,,0,,,0,v,Miles REBOUND (Off:0 Def:1),Rebound,Unknown,1,0
99,131,PT00M53.90S,1,1610612761,TOR,201586,Ibaka,S. Ibaka,-38,179,18,Made,1,20,24,44,v,Ibaka 18' Jump Shot (8 PTS) (Miles 1 AST),Made Shot,Jump Shot,1,0
100,133,PT00M39.10S,1,1610612753,ORL,202714,Mack,S. Mack,-60,257,26,Made,1,23,24,47,h,Mack 26' 3PT Pullup Jump Shot (3 PTS),Made Shot,Pullup Jump shot,1,0
101,134,PT00M31.60S,1,1610612761,TOR,201586,Ibaka,S. Ibaka,0,0,0,,0,,,0,v,Ibaka Lost Ball Turnover (P1.T3),Turnover,Lost Ball,1,0
102,134,PT00M31.60S,1,1610612753,ORL,1628411,Iwundu,W. Iwundu,0,0,0,,0,,,0,h,Iwundu STEAL (1 STL),,,1,0
103,136,PT00M24.20S,1,1610612753,ORL,1626209,Hezonja,M. Hezonja,13,52,5,Missed,1,,,0,h,MISS Hezonja 5' Driving Layup,Missed Shot,Driving Layup Shot,1,0
104,136,PT00M24.20S,1,1610612761,TOR,201586,Ibaka,S. Ibaka,0,0,0,,0,,,0,v,Ibaka BLOCK (1 BLK),,,1,0
105,138,PT00M22.90S,1,1610612753,ORL,1628411,Iwundu,W. Iwundu,0,0,0,,0,,,0,h,Iwundu REBOUND (Off:2 Def:1),Rebound,Unknown,1,0
106,139,PT00M22.90S,1,1610612753,ORL,1628411,Iwundu,W. Iwundu,12,24,3,Made,1,25,24,49,h,Iwundu 3' Putback Layup (2 PTS),Made Shot,Putback Layup Shot,1,0
107,140,PT00M00.00S,1,1610612761,TOR,101139,Miles,C. Miles,227,88,24,Missed,1,,,0,v,MISS Miles 24' 3PT Jump Shot,Missed Shot,Jump Shot,1,0
108,141,PT00M00.00S,1,0,,1610612761,,,0,0,0,,0,,,0,v,Raptors Rebound,Rebound,Unknown,0,0
109,142,PT00M00.00S,1,0,,0,,,0,0,0,,0,25,24,49,,End of 1st Period (7:32 PM EST),period,end,1,0
110,147,PT12M00.00S,2,0,,0,,,0,0,0,,0,25,24,49,,Start of 2nd Period (7:35 PM EST),period,start,0,0
111,148,PT11M51.00S,2,0,,1610612753,,,0,0,0,,0,,,0,h,MAGIC Turnover: 8 Second Violation (T#3),Turnover,8 Second Violation,1,0
112,149,PT11M34.00S,2,1610612761,TOR,1627783,Siakam,P. Siakam,27,27,4,Missed,1,,,0,v,MISS Siakam 4' Driving Layup,Missed Shot,Driving Layup Shot,1,0
113,150,PT11M32.00S,2,1610612753,ORL,203920,Birch,K. Birch,0,0,0,,0,,,0,h,Birch REBOUND (Off:0 Def:2),Rebound,Unknown,1,0
114,151,PT11M25.00S,2,1610612753,ORL,202714,Mack,S. Mack,41,5,4,Missed,1,,,0,h,MISS Mack 4' Driving Reverse Layup,Missed Shot,Driving Reverse Layup Shot,1,0
115,152,PT11M22.00S,2,1610612761,TOR,1627751,Poeltl,J. Poeltl,0,0,0,,0,,,0,v,Poeltl REBOUND (Off:0 Def:1),Rebound,Unknown,1,0
116,153,PT11M13.00S,2,1610612761,TOR,101139,Miles,C. Miles,-105,235,26,Missed,1,,,0,v,MISS Miles 26' 3PT Jump Shot,Missed Shot,Jump Shot,1,0
117,154,PT11M09.00S,2,1610612753,ORL,202687,Biyombo,B. Biyombo,0,0,0,,0,,,0,h,Biyombo REBOUND (Off:0 Def:1),Rebound,Unknown,1,0
118,155,PT10M48.00S,2,1610612753,ORL,1626209,Hezonja,M. Hezonja,57,22,6,Made,1,27,24,51,h,Hezonja 6' Driving Hook Shot (2 PTS),Made Shot,Driving Hook Shot,1,0
119,156,PT10M27.00S,2,1610612761,TOR,1626181,Powell,N. Powell,5,18,2,Made,1,27,26,53,v,Powell 2' Driving Layup (2 PTS),Made Shot,Driving Layup Shot,1,0
120,158,PT10M12.00S,2,1610612761,TOR,1626181,Powell,N. Powell,0,0,0,,0,,,0,v,Powell P.FOUL (P1.T1) (Z.Zarba),Foul,Personal,1,0
121,160,PT10M01.00S,2,1610612753,ORL,1626209,Hezonja,M. Hezonja,-43,262,27,Missed,1,,,0,h,MISS Hezonja 27' 3PT Jump Shot,Missed Shot,Jump Shot,1,0
122,161,PT09M56.00S,2,1610612753,ORL,203920,Birch,K. Birch,0,0,0,,0,,,0,h,Birch REBOUND (Off:1 Def:2),Rebound,Unknown,1,0
123,162,PT09M52.00S,2,1610612753,ORL,202714,Mack,S. Mack,-15,14,2,Made,1,29,26,55,h,Mack 2' Driving Layup (5 PTS),Made Shot,Driving Layup Shot,1,0
124,163,PT09M24.00S,2,1610612761,TOR,1627783,Siakam,P. Siakam,0,0,0,,0,,,0,v,Siakam Lost Ball Turnover (P1.T4),Turnover,Lost Ball,1,0
125,163,PT09M24.00S,2,1610612753,ORL,202714,Mack,S. Mack,0,0,0,,0,,,0,h,Mack STEAL (1 STL),,,1,0
126,165,PT09M15.00S,2,1610612753,ORL,203920,Birch,K. Birch,38,48,6,Missed,1,,,0,h,MISS Birch 6' Hook Shot,Missed Shot,Hook Shot,1,0
127,166,PT09M15.00S,2,1610612753,ORL,202687,Biyombo,B. Biyombo,0,0,0,,0,,,0,h,Biyombo REBOUND (Off:1 Def:1),Rebound,Unknown,1,0
128,167,PT09M10.00S,2,1610612753,ORL,202687,Biyombo,B. Biyombo,0,0,0,,0,,,0,h,Jump Ball Biyombo vs. Poeltl: Tip to Siakam,Jump Ball,,1,0
129,170,PT09M10.00S,2,1610612753,ORL,202687,Biyombo,B. Biyombo,0,0,0,,0,,,0,h,Biyombo Lost Ball Turnover (P1.T4),Turnover,Lost Ball,1,0
130,170,PT09M10.00S,2,1610612761,TOR,1627751,Poeltl,J. Poeltl,0,0,0,,0,,,0,v,Poeltl STEAL (1 STL),,,1,0
131,172,PT09M06.00S,2,1610612761,TOR,1627783,Siakam,P. Siakam,18,18,3,Missed,1,,,0,v,MISS Siakam 3' Running Layup,Missed Shot,Running Layup Shot,1,0
132,172,PT09M06.00S,2,1610612753,ORL,202687,Biyombo,B. Biyombo,0,0,0,,0,,,0,h,Biyombo BLOCK (1 BLK),,,1,0
133,174,PT09M03.00S,2,1610612753,ORL,1628411,Iwundu,W. Iwundu,0,0,0,,0,,,0,h,Iwundu REBOUND (Off:2 Def:2),Rebound,Unknown,1,0
134,175,PT09M02.00S,2,1610612761,TOR,1627751,Poeltl,J. Poeltl,0,0,0,,0,,,0,v,Poeltl S.FOUL (P1.T2) (M.Ayotte),Foul,Shooting,1,0
135,177,PT09M02.00S,2,1610612753,ORL,203920,Birch,K. Birch,0,0,0,,0,,,0,h,MISS Birch Free Throw 1 of 2,Free Throw,Free Throw 1 of 2,0,0
136,178,PT09M02.00S,2,0,,1610612753,,,0,0,0,,0,,,0,h,MAGIC Rebound,Rebound,Normal Rebound,0,0
137,179,PT09M02.00S,2,1610612753,ORL,203920,Birch,K. Birch,0,0,0,,0,30,26,56,h,Birch Free Throw 2 of 2 (1 PTS),Free Throw,Free Throw 2 of 2,0,0
138,180,PT08M48.00S,2,1610612761,TOR,1626181,Powell,N. Powell,-150,222,27,Missed,1,,,0,v,MISS Powell 27' 3PT Jump Shot,Missed Shot,Jump Shot,1,0
139,181,PT08M46.00S,2,1610612753,ORL,1626209,Hezonja,M. Hezonja,0,0,0,,0,,,0,h,Hezonja REBOUND (Off:0 Def:1),Rebound,Unknown,1,0
140,182,PT08M36.00S,2,1610612753,ORL,1626209,Hezonja,M. Hezonja,39,157,16,Made,1,32,26,58,h,Hezonja 16' Jump Shot (4 PTS) (Biyombo 1 AST),Made Shot,Jump Shot,1,0
141,184,PT08M26.00S,2,1610612753,ORL,1626209,Hezonja,M. Hezonja,0,0,0,,0,,,0,h,Hezonja P.FOUL (P2.T1) (M.Ayotte),Foul,Personal,1,0
142,186,PT08M22.00S,2,1610612753,ORL,202687,Biyombo,B. Biyombo,0,0,0,,0,,,0,h,Biyombo S.FOUL (P1.T2) (Z.Zarba),Foul,Shooting,1,0
143,188,PT08M22.00S,2,1610612761,TOR,1626153,Wright,D. Wright,0,0,0,,0,32,27,59,v,Wright Free Throw 1 of 2 (1 PTS),Free Throw,Free Throw 1 of 2,0,0
144,196,PT08M22.00S,2,1610612761,TOR,1626153,Wright,D. Wright,0,0,0,,0,32,28,60,v,Wright Free Throw 2 of 2 (2 PTS),Free Throw,Free Throw 2 of 2,0,0
145,189,PT08M16.00S,2,1610612753,ORL,1626209,Hezonja,M. Hezonja,2,13,1,Made,1,34,28,62,h,Hezonja 1' Running Layup (6 PTS),Made Shot,Running Layup Shot,1,0
146,190,PT07M57.00S,2,1610612761,TOR,1626181,Powell,N. Powell,96,155,18,Made,1,34,30,64,v,Powell 18' Step Back Jump Shot (4 PTS),Made Shot,Step Back Jump shot,1,0
147,191,PT07M44.00S,2,1610612753,ORL,202714,Mack,S. Mack,-27,10,3,Made,1,36,30,66,h,Mack 3' Driving Floating Jump Shot (7 PTS),Made Shot,Driving Floating Jump Shot,1,0
148,192,PT07M34.00S,2,1610612761,TOR,1626181,Powell,N. Powell,-143,235,28,Made,1,36,33,69,v,Powell 28' 3PT Jump Shot (7 PTS) (Poeltl 1 AST),Made Shot,Jump Shot,1,0
149,194,PT07M18.00S,2,1610612753,ORL,202714,Mack,S. Mack,2,258,26,Made,1,39,33,72,h,Mack 26' 3PT Pullup Jump Shot (10 PTS),Made Shot,Pullup Jump shot,1,0
150,195,PT07M09.00S,2,0,,1610612761,,,0,0,0,,0,,,0,v,Raptors Timeout: Regular (Reg.2 Short 0),Timeout,Regular,0,0
151,197,PT07M09.00S,2,1610612761,TOR,101139,Miles,C. Miles,0,0,0,,0,,,0,v,SUB: Lowry FOR Miles,Substitution,,0,0
152,199,PT07M01.00S,2,1610612761,TOR,1626153,Wright,D. Wright,-138,230,27,Missed,1,,,0,v,MISS Wright 27' 3PT Jump Shot,Missed Shot,Jump Shot,1,0
153,200,PT06M52.00S,2,1610612753,ORL,202687,Biyombo,B. Biyombo,0,0,0,,0,,,0,h,Biyombo REBOUND (Off:1 Def:2),Rebound,Unknown,1,0
154,201,PT06M46.00S,2,1610612753,ORL,1626209,Hezonja,M. Hezonja,81,164,18,Missed,1,,,0,h,MISS Hezonja 18' Pullup Jump Shot,Missed Shot,Pullup Jump shot,1,0
155,202,PT06M44.00S,2,1610612753,ORL,203920,Birch,K. Birch,0,0,0,,0,,,0,h,Birch REBOUND (Off:2 Def:2),Rebound,Unknown,1,0
156,203,PT06M38.00S,2,1610612753,ORL,202687,Biyombo,B. Biyombo,11,6,1,Made,1,41,33,74,h,Biyombo 1' Dunk (2 PTS) (Mack 1 AST),Made Shot,Dunk Shot,1,0
157,205,PT06M21.00S,2,1610612761,TOR,1627783,Siakam,P. Siakam,63,20,7,Missed,1,,,0,v,MISS Siakam 7' Turnaround Fadeaway Bank Jump Shot,Missed Shot,Turnaround Fadeaway Bank Jump Shot,1,0
158,206,PT06M14.00S,2,1610612761,TOR,1627751,Poeltl,J. Poeltl,0,0,0,,0,,,0,v,Poeltl REBOUND (Off:1 Def:1),Rebound,Unknown,1,0
159,207,PT06M14.00S,2,1610612761,TOR,1627751,Poeltl,J. Poeltl,0,-6,1,Made,1,41,35,76,v,Poeltl 1' Tip Layup Shot (4 PTS),Made Shot,Tip Layup Shot,1,0
160,208,PT06M00.00S,2,1610612753,ORL,1626209,Hezonja,M. Hezonja,0,0,0,,0,,,0,h,Hezonja Out of Bounds Lost Ball Turnover (P1.T5),Turnover,Out of Bounds Lost Ball Turnover,1,0
161,209,PT06M00.00S,2,1610612753,ORL,203920,Birch,K. Birch,0,0,0,,0,,,0,h,SUB: Gordon FOR Birch,Substitution,,0,0
162,211,PT05M49.00S,2,1610612753,ORL,203932,Gordon,A. Gordon,0,0,0,,0,,,0,h,Gordon S.FOUL (P1.T3) (Z.Zarba),Foul,Shooting,1,0
163,213,PT05M49.00S,2,1610612761,TOR,1627783,Siakam,P. Siakam,0,0,0,,0,41,36,77,v,Siakam Free Throw 1 of 2 (1 PTS),Free Throw,Free Throw 1 of 2,0,0
164,214,PT05M49.00S,2,1610612753,ORL,1626209,Hezonja,M. Hezonja,0,0,0,,0,,,0,h,SUB: Augustin FOR Hezonja,Substitution,,0,0
165,215,PT05M49.00S,2,1610612753,ORL,1628411,Iwundu,W. Iwundu,0,0,0,,0,,,0,h,SUB: Isaac FOR Iwundu,Substitution,,0,0
166,216,PT05M49.00S,2,1610612761,TOR,1626153,Wright,D. Wright,0,0,0,,0,,,0,v,SUB: Brown FOR Wright,Substitution,,0,0
167,220,PT05M49.00S,2,1610612761,TOR,1627783,Siakam,P. Siakam,0,0,0,,0,,,0,v,MISS Siakam Free Throw 2 of 2,Free Throw,Free Throw 2 of 2,0,0
168,221,PT05M47.00S,2,1610612761,TOR,1626181,Powell,N. Powell,0,0,0,,0,,,0,v,Powell REBOUND (Off:1 Def:0),Rebound,Unknown,1,0
169,224,PT05M38.00S,2,1610612761,TOR,1627751,Poeltl,J. Poeltl,0,0,0,,0,,,0,v,Poeltl Step Out of Bounds Turnover (P1.T5),Turnover,Step Out of Bounds Turnover,1,0
170,225,PT05M16.00S,2,1610612753,ORL,202714,Mack,S. Mack,-22,20,3,Made,1,43,36,79,h,Mack 3' Driving Layup (12 PTS) (Augustin 5 AST),Made Shot,Driving Layup Shot,1,0
171,227,PT05M08.00S,2,1610612761,TOR,200768,Lowry,K. Lowry,-29,18,3,Made,1,43,38,81,v,Lowry 3' Driving Layup (8 PTS),Made Shot,Driving Layup Shot,1,0
172,228,PT04M58.00S,2,1610612753,ORL,203932,Gordon,A. Gordon,-14,25,3,Made,1,45,38,83,h,Gordon 3' Driving Layup (6 PTS),Made Shot,Driving Layup Shot,1,0
173,229,PT04M49.00S,2,1610612761,TOR,1626181,Powell,N. Powell,221,84,24,Made,1,45,41,86,v,Powell 24' 3PT Jump Shot (10 PTS) (Siakam 1 AST),Made Shot,Jump Shot,1,0
174,231,PT04M43.00S,2,0,,1610612753,,,0,0,0,,0,,,0,h,MAGIC Timeout: Regular (Full 2 Short 0),Timeout,Regular,0,0
175,232,PT04M43.00S,2,1610612753,ORL,202687,Biyombo,B. Biyombo,0,0,0,,0,,,0,h,SUB: Vucevic FOR Biyombo,Substitution,,0,0
176,233,PT04M43.00S,2,1610612761,TOR,1627751,Poeltl,J. Poeltl,0,0,0,,0,,,0,v,SUB: Valanciunas FOR Poeltl,Substitution,,0,0
177,234,PT04M43.00S,2,1610612761,TOR,1627783,Siakam,P. Siakam,0,0,0,,0,,,0,v,SUB: Ibaka FOR Siakam,Substitution,,0,0
178,238,PT04M33.00S,2,1610612753,ORL,202714,Mack,S. Mack,-11,57,6,Made,1,47,41,88,h,Mack 6' Driving Hook Shot (14 PTS) (Augustin 6 AST),Made Shot,Driving Hook Shot,1,0
179,240,PT04M09.00S,2,1610612761,TOR,1626181,Powell,N. Powell,0,0,0,,0,,,0,v,Powell Bad Pass Turnover (P1.T6),Turnover,Bad Pass,1,0
180,240,PT04M09.00S,2,1610612753,ORL,202696,Vucevic,N. Vucevic,0,0,0,,0,,,0,h,Vucevic STEAL (1 STL),,,1,0
181,242,PT04M03.00S,2,1610612753,ORL,203932,Gordon,A. Gordon,-9,11,1,Made,1,49,41,90,h,Gordon 1' Running Alley Oop Dunk Shot (8 PTS) (Mack 2 AST),Made Shot,Running Alley Oop Dunk Shot,1,0
182,244,PT03M52.00S,2,1610612753,ORL,203932,Gordon,A. Gordon,0,0,0,,0,,,0,h,Gordon P.FOUL (P2.T4) (J.Goble),Foul,Personal,1,0
183,246,PT03M46.00S,2,1610612761,TOR,203485,Brown,L. Brown,-13,24,3,Missed,1,,,0,v,MISS Brown 3' Driving Layup,Missed Shot,Driving Layup Shot,1,0
184,246,PT03M46.00S,2,1610612753,ORL,1628371,Isaac,J. Isaac,0,0,0,,0,,,0,h,Isaac BLOCK (2 BLK),,,1,0
185,248,PT03M46.00S,2,0,,1610612753,,,0,0,0,,0,,,0,h,MAGIC Rebound,Rebound,Unknown,0,0
186,249,PT03M34.00S,2,1610612753,ORL,202696,Vucevic,N. Vucevic,119,4,12,Missed,1,,,0,h,MISS Vucevic 12' Jump Shot,Missed Shot,Jump Shot,1,0
187,250,PT03M31.00S,2,1610612761,TOR,201586,Ibaka,S. Ibaka,0,0,0,,0,,,0,v,Ibaka REBOUND (Off:0 Def:3),Rebound,Unknown,1,0
188,251,PT03M20.00S,2,1610612761,TOR,1626181,Powell,N. Powell,220,29,0,Missed,1,,,0,v,MISS Powell 3PT Jump Shot,Missed Shot,Jump Shot,1,0
189,252,PT03M16.00S,2,0,,1610612761,,,0,0,0,,0,,,0,v,Raptors Rebound,Rebound,Unknown,1,0
190,255,PT03M07.00S,2,1610612761,TOR,1626181,Powell,N. Powell,0,0,0,,0,,,0,v,Powell Lost Ball Turnover (P2.T7),Turnover,Lost Ball,1,0
191,255,PT03M07.00S,2,1610612753,ORL,202714,Mack,S. Mack,0,0,0,,0,,,0,h,Mack STEAL (2 STL),,,1,0
192,257,PT02M54.00S,2,1610612753,ORL,202696,Vucevic,N. Vucevic,-40,43,6,Missed,1,,,0,h,MISS Vucevic 6' Driving Hook Shot,Missed Shot,Driving Hook Shot,1,0
193,258,PT02M52.00S,2,1610612761,TOR,202685,Valanciunas,J. Valanciunas,0,0,0,,0,,,0,v,Valanciunas REBOUND (Off:1 Def:5),Rebound,Unknown,1,0
194,259,PT02M46.00S,2,1610612761,TOR,200768,Lowry,K. Lowry,0,0,0,,0,,,0,v,Lowry Bad Pass Turnover (P1.T8),Turnover,Bad Pass,1,0
195,259,PT02M46.00S,2,1610612753,ORL,1628371,Isaac,J. Isaac,0,0,0,,0,,,0,h,Isaac STEAL (2 STL),,,1,0
196,261,PT02M42.00S,2,1610612753,ORL,203932,Gordon,A. Gordon,18,16,2,Made,1,51,41,92,h,Gordon 2' Dunk (10 PTS) (Mack 3 AST),Made Shot,Dunk Shot,1,0
197,263,PT02M33.00S,2,1610612761,TOR,203485,Brown,L. Brown,-125,222,25,Made,1,51,44,95,v,Brown 25' 3PT Pullup Jump Shot (3 PTS),Made Shot,Pullup Jump shot,1,0
198,264,PT02M21.00S,2,1610612753,ORL,202696,Vucevic,N. Vucevic,51,87,10,Missed,1,,,0,h,MISS Vucevic 10' Floating Jump Shot,Missed Shot,Floating Jump shot,1,0
199,265,PT02M21.00S,2,0,,1610612753,,,0,0,0,,0,,,0,h,MAGIC Rebound,Rebound,Unknown,0,0
200,266,PT02M21.00S,2,1610612761,TOR,1626181,Powell,N. Powell,0,0,0,,0,,,0,v,Powell P.FOUL (P2.T3) (M.Ayotte),Foul,Personal,1,0
201,268,PT02M21.00S,2,1610612761,TOR,1626181,Powell,N. Powell,0,0,0,,0,,,0,v,SUB: Miles FOR Powell,Substitution,,0,0
202,270,PT02M02.00S,2,1610612753,ORL,1628371,Isaac,J. Isaac,0,0,0,,0,,,0,h,Isaac Lost Ball Turnover (P1.T6),Turnover,Lost Ball,1,0
203,270,PT02M02.00S,2,1610612761,TOR,101139,Miles,C. Miles,0,0,0,,0,,,0,v,Miles STEAL (1 STL),,,1,0
204,272,PT01M46.00S,2,1610612761,TOR,200768,Lowry,K. Lowry,207,146,25,Made,1,51,47,98,v,Lowry 25' 3PT Step Back Jump Shot (11 PTS),Made Shot,Step Back Jump shot,1,0
205,273,PT01M16.00S,2,1610612753,ORL,202714,Mack,S. Mack,236,4,24,Missed,1,,,0,h,MISS Mack 24' 3PT Jump Shot,Missed Shot,Jump Shot,1,0
206,274,PT01M14.00S,2,1610612761,TOR,101139,Miles,C. Miles,0,0,0,,0,,,0,v,Miles REBOUND (Off:0 Def:2),Rebound,Unknown,1,0
207,275,PT01M07.00S,2,1610612753,ORL,202714,Mack,S. Mack,0,0,0,,0,,,0,h,Mack P.FOUL (P1.PN) (Z.Zarba),Foul,Personal,1,0
208,277,PT01M07.00S,2,1610612761,TOR,202685,Valanciunas,J. Valanciunas,0,0,0,,0,,,0,v,MISS Valanciunas Free Throw 1 of 2,Free Throw,Free Throw 1 of 2,0,0
209,278,PT01M07.00S,2,0,,1610612761,,,0,0,0,,0,,,0,v,Raptors Rebound,Rebound,Normal Rebound,0,0
210,279,PT01M07.00S,2,1610612753,ORL,203932,Gordon,A. Gordon,0,0,0,,0,,,0,h,SUB: Afflalo FOR Gordon,Substitution,,0,0
211,281,PT01M07.00S,2,1610612761,TOR,202685,Valanciunas,J. Valanciunas,0,0,0,,0,,,0,v,MISS Valanciunas Free Throw 2 of 2,Free Throw,Free Throw 2 of 2,0,0
212,282,PT01M05.00S,2,1610612753,ORL,202696,Vucevic,N. Vucevic,0,0,0,,0,,,0,h,Vucevic REBOUND (Off:0 Def:4),Rebound,Unknown,1,0
213,284,PT00M53.90S,2,1610612753,ORL,202714,Mack,S. Mack,70,57,9,Missed,1,,,0,h,MISS Mack 9' Hook Shot,Missed Shot,Hook Shot,1,0
214,285,PT00M52.00S,2,1610612761,TOR,201586,Ibaka,S. Ibaka,0,0,0,,0,,,0,v,Ibaka REBOUND (Off:0 Def:4),Rebound,Unknown,1,0
215,286,PT00M47.20S,2,1610612761,TOR,200768,Lowry,K. Lowry,18,1,2,Made,1,51,49,100,v,Lowry 2' Driving Layup (13 PTS),Made Shot,Driving Layup Shot,1,0
216,287,PT00M31.30S,2,1610612753,ORL,201571,Augustin,D. Augustin,21,23,3,Missed,1,,,0,h,MISS Augustin 3' Driving Layup,Missed Shot,Driving Layup Shot,1,0
217,287,PT00M31.30S,2,1610612761,TOR,202685,Valanciunas,J. Valanciunas,0,0,0,,0,,,0,v,Valanciunas BLOCK (1 BLK),,,1,0
218,289,PT00M27.90S,2,1610612761,TOR,101139,Miles,C. Miles,0,0,0,,0,,,0,v,Miles REBOUND (Off:0 Def:3),Rebound,Unknown,1,0
219,290,PT00M25.80S,2,1610612761,TOR,200768,Lowry,K. Lowry,116,231,26,Made,1,51,52,103,v,Lowry 26' 3PT Pullup Jump Shot (16 PTS),Made Shot,Pullup Jump shot,1,0
220,291,PT00M03.90S,2,1610612753,ORL,202714,Mack,S. Mack,-59,240,25,Missed,1,,,0,h,MISS Mack 25' 3PT Pullup Jump Shot,Missed Shot,Pullup Jump shot,1,0
221,292,PT00M01.30S,2,1610612761,TOR,202685,Valanciunas,J. Valanciunas,0,0,0,,0,,,0,v,Valanciunas REBOUND (Off:1 Def:6),Rebound,Unknown,1,0
222,293,PT00M00.00S,2,1610612761,TOR,200768,Lowry,K. Lowry,-127,414,43,Missed,1,,,0,v,MISS Lowry 43' 3PT Jump Shot,Missed Shot,Jump Shot,1,0
223,294,PT00M00.00S,2,0,,1610612761,,,0,0,0,,0,,,0,v,Raptors Rebound,Rebound,Unknown,0,0
224,295,PT00M00.00S,2,0,,0,,,0,0,0,,0,51,52,103,,End of 2nd Period (8:01 PM EST),period,end,1,0
225,302,PT12M00.00S,3,0,,0,,,0,0,0,,0,51,52,103,,Start of 3rd Period (8:16 PM EST),period,start,0,0
226,303,PT11M38.00S,3,1610612753,ORL,203932,Gordon,A. Gordon,-89,62,11,Missed,1,,,0,h,MISS Gordon 11' Fadeaway Jumper,Missed Shot,Fadeaway Jump Shot,1,0
227,304,PT11M36.00S,3,1610612761,TOR,1626181,Powell,N. Powell,0,0,0,,0,,,0,v,Powell REBOUND (Off:1 Def:1),Rebound,Unknown,1,0
228,305,PT11M26.00S,3,1610612761,TOR,201586,Ibaka,S. Ibaka,-96,52,11,Missed,1,,,0,v,MISS Ibaka 11' Jump Shot,Missed Shot,Jump Shot,1,0
229,306,PT11M24.00S,3,1610612753,ORL,202696,Vucevic,N. Vucevic,0,0,0,,0,,,0,h,Vucevic REBOUND (Off:0 Def:5),Rebound,Unknown,1,0
230,307,PT11M22.00S,3,1610612753,ORL,1628371,Isaac,J. Isaac,0,0,0,,0,,,0,h,Isaac Traveling Turnover (P2.T7),Turnover,Traveling,1,0
231,308,PT10M58.00S,3,1610612761,TOR,200768,Lowry,K. Lowry,-132,215,25,Missed,1,,,0,v,MISS Lowry 25' 3PT Jump Shot,Missed Shot,Jump Shot,1,0
232,309,PT10M56.00S,3,1610612753,ORL,202696,Vucevic,N. Vucevic,0,0,0,,0,,,0,h,Vucevic REBOUND (Off:0 Def:6),Rebound,Unknown,1,0
233,310,PT10M45.00S,3,1610612753,ORL,203932,Gordon,A. Gordon,139,218,26,Made,1,54,52,106,h,Gordon 26' 3PT Jump Shot (13 PTS) (Vucevic 2 AST),Made Shot,Jump Shot,1,0
234,312,PT10M31.00S,3,1610612753,ORL,202696,Vucevic,N. Vucevic,0,0,0,,0,,,0,h,Vucevic S.FOUL (P1.T1) (M.Ayotte),Foul,Shooting,1,0
235,314,PT10M31.00S,3,1610612761,TOR,202685,Valanciunas,J. Valanciunas,0,0,0,,0,,,0,v,MISS Valanciunas Free Throw 1 of 2,Free Throw,Free Throw 1 of 2,0,0
236,315,PT10M31.00S,3,0,,1610612761,,,0,0,0,,0,,,0,v,Raptors Rebound,Rebound,Normal Rebound,0,0
237,316,PT10M31.00S,3,1610612761,TOR,202685,Valanciunas,J. Valanciunas,0,0,0,,0,54,53,107,v,Valanciunas Free Throw 2 of 2 (9 PTS),Free Throw,Free Throw 2 of 2,0,0
238,317,PT10M17.00S,3,1610612753,ORL,203932,Gordon,A. Gordon,51,14,5,Missed,1,,,0,h,MISS Gordon 5' Driving Hook Shot,Missed Shot,Driving Hook Shot,1,0
239,317,PT10M17.00S,3,1610612761,TOR,201586,Ibaka,S. Ibaka,0,0,0,,0,,,0,v,Ibaka BLOCK (2 BLK),,,1,0
240,319,PT10M17.00S,3,0,,1610612753,,,0,0,0,,0,,,0,h,MAGIC Rebound,Rebound,Unknown,0,0
241,320,PT10M11.00S,3,1610612753,ORL,201167,Afflalo,A. Afflalo,109,-8,11,Missed,1,,,0,h,MISS Afflalo 11' Turnaround Jump Shot,Missed Shot,Turnaround Jump Shot,1,0
242,320,PT10M11.00S,3,1610612761,TOR,1626181,Powell,N. Powell,0,0,0,,0,,,0,v,Powell BLOCK (1 BLK),,,1,0
243,321,PT10M11.00S,3,1610612761,TOR,1628384,Anunoby,O. Anunoby,0,0,0,,0,,,0,v,Anunoby REBOUND (Off:0 Def:2),Rebound,Unknown,1,0
244,322,PT10M04.00S,3,1610612761,TOR,202685,Valanciunas,J. Valanciunas,-30,256,26,Missed,1,,,0,v,MISS Valanciunas 26' 3PT Jump Shot,Missed Shot,Jump Shot,1,0
245,323,PT10M01.00S,3,1610612753,ORL,1628371,Isaac,J. Isaac,0,0,0,,0,,,0,h,Isaac REBOUND (Off:1 Def:4),Rebound,Unknown,1,0
246,324,PT09M53.00S,3,1610612753,ORL,202696,Vucevic,N. Vucevic,-22,175,18,Made,1,56,53,109,h,Vucevic 18' Jump Shot (8 PTS) (Augustin 7 AST),Made Shot,Jump Shot,1,0
247,326,PT09M38.00S,3,1610612761,TOR,200768,Lowry,K. Lowry,104,240,26,Made,1,56,56,112,v,Lowry 26' 3PT Jump Shot (19 PTS) (Powell 1 AST),Made Shot,Jump Shot,1,0
248,328,PT09M26.00S,3,1610612753,ORL,201571,Augustin,D. Augustin,62,259,27,Made,1,59,56,115,h,Augustin 27' 3PT Step Back Jump Shot (3 PTS),Made Shot,Step Back Jump shot,1,0
249,332,PT09M12.00S,3,1610612753,ORL,1628371,Isaac,J. Isaac,0,0,0,,0,,,0,h,Jump Ball Isaac vs. Lowry: Tip to Vucevic,Jump Ball,,1,0
250,419,PT09M12.00S,3,1610612761,TOR,200768,Lowry,K. Lowry,0,0,0,,0,,,0,v,Lowry Lost Ball Turnover (P2.T9),Turnover,Lost Ball,1,0
251,419,PT09M12.00S,3,1610612753,ORL,1628371,Isaac,J. Isaac,0,0,0,,0,,,0,h,Isaac STEAL (3 STL),,,1,0
252,337,PT08M54.00S,3,1610612753,ORL,202696,Vucevic,N. Vucevic,-32,20,4,Made,1,61,56,117,h,Vucevic 4' Driving Layup (10 PTS),Made Shot,Driving Layup Shot,1,0
253,338,PT08M33.00S,3,1610612761,TOR,1626181,Powell,N. Powell,23,19,3,Missed,1,,,0,v,MISS Powell 3' Driving Reverse Layup,Missed Shot,Driving Reverse Layup Shot,1,0
254,339,PT08M30.00S,3,1610612753,ORL,201571,Augustin,D. Augustin,0,0,0,,0,,,0,h,Augustin REBOUND (Off:0 Def:3),Rebound,Unknown,1,0
255,340,PT08M28.00S,3,1610612753,ORL,201571,Augustin,D. Augustin,0,0,0,,0,,,0,h,Augustin Bad Pass Turnover (P1.T8),Turnover,Bad Pass,1,0
256,340,PT08M28.00S,3,1610612761,TOR,1628384,Anunoby,O. Anunoby,0,0,0,,0,,,0,v,Anunoby STEAL (1 STL),,,1,0
257,341,PT08M20.00S,3,1610612761,TOR,1628384,Anunoby,O. Anunoby,0,0,0,,0,,,0,v,Anunoby Lost Ball Turnover (P1.T10),Turnover,Lost Ball,1,0
258,341,PT08M20.00S,3,1610612753,ORL,1628371,Isaac,J. Isaac,0,0,0,,0,,,0,h,Isaac STEAL (4 STL),,,1,0
259,343,PT08M14.00S,3,1610612753,ORL,201571,Augustin,D. Augustin,22,32,4,Made,1,63,56,119,h,Augustin 4' Running Layup (5 PTS) (Gordon 3 AST),Made Shot,Running Layup Shot,1,0
260,346,PT07M53.00S,3,1610612761,TOR,1626181,Powell,N. Powell,0,0,0,,0,,,0,v,Powell Bad Pass Turnover (P3.T11),Turnover,Bad Pass,1,0
261,346,PT07M53.00S,3,1610612753,ORL,1628371,Isaac,J. Isaac,0,0,0,,0,,,0,h,Isaac STEAL (5 STL),,,1,0
262,349,PT07M33.00S,3,1610612753,ORL,1628371,Isaac,J. Isaac,26,17,3,Made,1,65,56,121,h,Isaac 3' Reverse Layup (10 PTS) (Vucevic 3 AST),Made Shot,Reverse Layup Shot,1,0
263,351,PT07M05.00S,3,1610612761,TOR,201586,Ibaka,S. Ibaka,24,34,4,Missed,1,,,0,v,MISS Ibaka 4' Cutting Layup Shot,Missed Shot,Cutting Layup Shot,1,0
264,352,PT07M03.00S,3,1610612753,ORL,202696,Vucevic,N. Vucevic,0,0,0,,0,,,0,h,Vucevic REBOUND (Off:0 Def:7),Rebound,Unknown,1,0
265,353,PT06M53.00S,3,1610612753,ORL,201571,Augustin,D. Augustin,26,21,3,Made,1,67,56,123,h,Augustin 3' Driving Layup (7 PTS),Made Shot,Driving Layup Shot,1,0
266,354,PT06M35.00S,3,1610612761,TOR,201586,Ibaka,S. Ibaka,9,27,3,Made,1,67,58,125,v,Ibaka 3' Driving Layup (10 PTS) (Lowry 5 AST),Made Shot,Driving Layup Shot,1,0
267,356,PT06M19.00S,3,1610612753,ORL,203932,Gordon,A. Gordon,3,272,27,Missed,1,,,0,h,MISS Gordon 27' 3PT Jump Shot,Missed Shot,Jump Shot,1,0
268,357,PT06M17.00S,3,1610612761,TOR,202685,Valanciunas,J. Valanciunas,0,0,0,,0,,,0,v,Valanciunas REBOUND (Off:1 Def:7),Rebound,Unknown,1,0
269,358,PT06M06.00S,3,1610612761,TOR,200768,Lowry,K. Lowry,0,0,0,,0,,,0,v,Lowry Bad Pass Turnover (P3.T12),Turnover,Bad Pass,1,0
270,358,PT06M06.00S,3,1610612753,ORL,202696,Vucevic,N. Vucevic,0,0,0,,0,,,0,h,Vucevic STEAL (2 STL),,,1,0
271,360,PT06M04.00S,3,1610612761,TOR,1626181,Powell,N. Powell,0,0,0,,0,,,0,v,Powell P.FOUL (P3.T1) (M.Ayotte),Foul,Personal,1,0
272,362,PT06M04.00S,3,1610612761,TOR,1628384,Anunoby,O. Anunoby,0,0,0,,0,,,0,v,SUB: Wright FOR Anunoby,Substitution,,0,0
273,363,PT06M04.00S,3,1610612761,TOR,1626181,Powell,N. Powell,0,0,0,,0,,,0,v,SUB: Miles FOR Powell,Substitution,,0,0
274,366,PT05M55.00S,3,1610612753,ORL,202696,Vucevic,N. Vucevic,25,41,5,Missed,1,,,0,h,MISS Vucevic 5' Hook Shot,Missed Shot,Hook Shot,1,0
275,367,PT05M53.00S,3,1610612761,TOR,201586,Ibaka,S. Ibaka,0,0,0,,0,,,0,v,Ibaka REBOUND (Off:0 Def:5),Rebound,Unknown,1,0
276,368,PT05M43.00S,3,1610612761,TOR,202685,Valanciunas,J. Valanciunas,-4,61,6,Missed,1,,,0,v,MISS Valanciunas 6' Floating Jump Shot,Missed Shot,Floating Jump shot,1,0
277,369,PT05M41.00S,3,1610612753,ORL,202696,Vucevic,N. Vucevic,0,0,0,,0,,,0,h,Vucevic REBOUND (Off:0 Def:8),Rebound,Unknown,1,0
278,370,PT05M34.00S,3,1610612761,TOR,202685,Valanciunas,J. Valanciunas,0,0,0,,0,,,0,v,Valanciunas P.FOUL (P1.T2) (J.Goble),Foul,Personal,1,0
279,372,PT05M34.00S,3,1610612761,TOR,202685,Valanciunas,J. Valanciunas,0,0,0,,0,,,0,v,SUB: Nogueira FOR Valanciunas,Substitution,,0,0
280,374,PT05M22.00S,3,1610612753,ORL,202696,Vucevic,N. Vucevic,-187,189,27,Missed,1,,,0,h,MISS Vucevic 27' 3PT Jump Shot,Missed Shot,Jump Shot,1,0
281,375,PT05M19.00S,3,1610612761,TOR,101139,Miles,C. Miles,0,0,0,,0,,,0,v,Miles REBOUND (Off:0 Def:4),Rebound,Unknown,1,0
282,376,PT05M17.00S,3,1610612753,ORL,1628371,Isaac,J. Isaac,0,0,0,,0,,,0,h,Isaac P.FOUL (P1.T2) (M.Ayotte),Foul,Personal,1,0
283,378,PT05M06.00S,3,1610612761,TOR,1626153,Wright,D. Wright,-232,42,24,Missed,1,,,0,v,MISS Wright 24' 3PT Jump Shot,Missed Shot,Jump Shot,1,0
284,379,PT05M02.00S,3,1610612753,ORL,203932,Gordon,A. Gordon,0,0,0,,0,,,0,h,Gordon REBOUND (Off:0 Def:2),Rebound,Unknown,1,0
285,380,PT04M55.00S,3,1610612761,TOR,1626153,Wright,D. Wright,0,0,0,,0,,,0,v,Wright P.FOUL (P1.T3) (J.Goble),Foul,Personal,1,0
286,382,PT04M55.00S,3,1610612753,ORL,1628371,Isaac,J. Isaac,0,0,0,,0,,,0,h,SUB: Iwundu FOR Isaac,Substitution,,0,0
287,383,PT04M55.00S,3,1610612753,ORL,201167,Afflalo,A. Afflalo,0,0,0,,0,,,0,h,SUB: Hezonja FOR Afflalo,Substitution,,0,0
288,386,PT04M41.00S,3,1610612753,ORL,201571,Augustin,D. Augustin,20,281,28,Missed,1,,,0,h,MISS Augustin 28' 3PT Pullup Jump Shot,Missed Shot,Pullup Jump shot,1,0
289,387,PT04M41.00S,3,0,,1610612753,,,0,0,0,,0,,,0,h,MAGIC Rebound,Rebound,Unknown,0,0
290,388,PT04M41.00S,3,0,,1610612753,,,0,0,0,,0,,,0,h,MAGIC Turnover: Shot Clock (T#9),Turnover,Shot Clock Turnover,0,0
291,389,PT04M28.00S,3,1610612761,TOR,201586,Ibaka,S. Ibaka,-228,-11,0,Missed,1,,,0,v,MISS Ibaka 3PT Jump Shot,Missed Shot,Jump Shot,1,0
292,390,PT04M26.00S,3,1610612753,ORL,1626209,Hezonja,M. Hezonja,0,0,0,,0,,,0,h,Hezonja REBOUND (Off:0 Def:2),Rebound,Unknown,1,0
293,391,PT04M07.00S,3,1610612753,ORL,202696,Vucevic,N. Vucevic,24,33,4,Missed,1,,,0,h,MISS Vucevic 4' Driving Hook Shot,Missed Shot,Driving Hook Shot,1,0
294,392,PT04M05.00S,3,1610612761,TOR,200768,Lowry,K. Lowry,0,0,0,,0,,,0,v,Lowry REBOUND (Off:0 Def:3),Rebound,Unknown,1,0
295,393,PT03M59.00S,3,1610612761,TOR,101139,Miles,C. Miles,-4,251,25,Made,1,67,61,128,v,Miles 25' 3PT Jump Shot (3 PTS) (Lowry 6 AST),Made Shot,Jump Shot,1,0
296,395,PT03M58.00S,3,0,,1610612753,,,0,0,0,,0,,,0,h,MAGIC Timeout: Regular (Full 3 Short 0),Timeout,Regular,0,0
297,397,PT03M44.00S,3,1610612753,ORL,202696,Vucevic,N. Vucevic,-149,134,20,Missed,1,,,0,h,MISS Vucevic 20' Jump Shot,Missed Shot,Jump Shot,1,0
298,398,PT03M42.00S,3,1610612761,TOR,201586,Ibaka,S. Ibaka,0,0,0,,0,,,0,v,Ibaka REBOUND (Off:0 Def:6),Rebound,Unknown,1,0
299,399,PT03M35.00S,3,1610612761,TOR,101139,Miles,C. Miles,228,72,24,Missed,1,,,0,v,MISS Miles 24' 3PT Jump Shot,Missed Shot,Jump Shot,1,0
300,400,PT03M31.00S,3,1610612753,ORL,203932,Gordon,A. Gordon,0,0,0,,0,,,0,h,Gordon REBOUND (Off:0 Def:3),Rebound,Unknown,1,0
301,402,PT03M25.00S,3,1610612753,ORL,202696,Vucevic,N. Vucevic,0,0,0,,0,,,0,h,SUB: Biyombo FOR Vucevic,Substitution,,0,0
302,404,PT03M17.00S,3,1610612753,ORL,1626209,Hezonja,M. Hezonja,-106,162,19,Made,1,69,61,130,h,Hezonja 19' Jump Shot (8 PTS) (Augustin 8 AST),Made Shot,Jump Shot,1,0
303,406,PT03M00.00S,3,1610612761,TOR,203512,Nogueira,L. Nogueira,27,9,3,Made,1,69,63,132,v,Nogueira 3' Alley Oop Layup (2 PTS) (Wright 1 AST),Made Shot,Alley Oop Layup shot,1,0
304,408,PT02M48.00S,3,1610612753,ORL,202687,Biyombo,B. Biyombo,-7,8,1,Made,1,71,63,134,h,Biyombo 1' Dunk (4 PTS) (Augustin 9 AST),Made Shot,Dunk Shot,1,0
305,410,PT02M32.00S,3,1610612761,TOR,201586,Ibaka,S. Ibaka,230,19,0,Made,1,71,66,137,v,Ibaka 3PT Jump Shot (13 PTS) (Miles 2 AST),Made Shot,Jump Shot,1,0
306,412,PT02M19.00S,3,1610612753,ORL,201571,Augustin,D. Augustin,-25,17,3,Made,1,73,66,139,h,Augustin 3' Driving Layup (9 PTS),Made Shot,Driving Layup Shot,1,0
307,413,PT02M13.00S,3,1610612761,TOR,200768,Lowry,K. Lowry,107,243,27,Missed,1,,,0,v,MISS Lowry 27' 3PT Pullup Jump Shot,Missed Shot,Pullup Jump shot,1,0
308,414,PT02M08.00S,3,1610612753,ORL,203932,Gordon,A. Gordon,0,0,0,,0,,,0,h,Gordon REBOUND (Off:0 Def:4),Rebound,Unknown,1,0
309,415,PT01M46.00S,3,1610612753,ORL,1626209,Hezonja,M. Hezonja,183,101,21,Missed,1,,,0,h,MISS Hezonja 21' Pullup Jump Shot,Missed Shot,Pullup Jump shot,1,0
310,416,PT01M44.00S,3,1610612761,TOR,203512,Nogueira,L. Nogueira,0,0,0,,0,,,0,v,Nogueira REBOUND (Off:0 Def:1),Rebound,Unknown,1,0
311,417,PT01M37.00S,3,1610612761,TOR,200768,Lowry,K. Lowry,0,0,0,,0,,,0,v,Lowry Lost Ball Turnover (P4.T13),Turnover,Lost Ball,1,0
312,417,PT01M37.00S,3,1610612753,ORL,1626209,Hezonja,M. Hezonja,0,0,0,,0,,,0,h,Hezonja STEAL (1 STL),,,1,0
313,421,PT01M13.00S,3,1610612753,ORL,203932,Gordon,A. Gordon,-212,152,26,Made,1,76,66,142,h,Gordon 26' 3PT Step Back Jump Shot (16 PTS),Made Shot,Step Back Jump shot,1,0
314,422,PT01M04.00S,3,1610612761,TOR,200768,Lowry,K. Lowry,29,14,3,Missed,1,,,0,v,MISS Lowry 3' Driving Layup,Missed Shot,Driving Layup Shot,1,0
315,422,PT01M04.00S,3,1610612753,ORL,1626209,Hezonja,M. Hezonja,0,0,0,,0,,,0,h,Hezonja BLOCK (1 BLK),,,1,0
316,424,PT01M04.00S,3,0,,1610612761,,,0,0,0,,0,,,0,v,Raptors Rebound,Rebound,Unknown,0,0
317,425,PT01M04.00S,3,1610612753,ORL,203932,Gordon,A. Gordon,0,0,0,,0,,,0,h,SUB: Birch FOR Gordon,Substitution,,0,0
318,426,PT01M04.00S,3,1610612753,ORL,201571,Augustin,D. Augustin,0,0,0,,0,,,0,h,SUB: Mack FOR Augustin,Substitution,,0,0
319,427,PT01M04.00S,3,1610612761,TOR,200768,Lowry,K. Lowry,0,0,0,,0,,,0,v,SUB: Siakam FOR Lowry,Substitution,,0,0
320,428,PT01M04.00S,3,1610612761,TOR,201586,Ibaka,S. Ibaka,0,0,0,,0,,,0,v,SUB: Brown FOR Ibaka,Substitution,,0,0
321,433,PT01M01.00S,3,1610612761,TOR,101139,Miles,C. Miles,230,-18,0,Missed,1,,,0,v,MISS Miles 3PT Jump Shot,Missed Shot,Jump Shot,1,0
322,434,PT00M59.50S,3,1610612753,ORL,1626209,Hezonja,M. Hezonja,0,0,0,,0,,,0,h,Hezonja REBOUND (Off:0 Def:3),Rebound,Unknown,1,0
323,436,PT00M41.60S,3,1610612753,ORL,202714,Mack,S. Mack,0,0,0,,0,,,0,h,Mack Bad Pass Turnover (P1.T10),Turnover,Bad Pass,1,0
324,436,PT00M41.60S,3,1610612761,TOR,1627783,Siakam,P. Siakam,0,0,0,,0,,,0,v,Siakam STEAL (1 STL),,,1,0
325,438,PT00M38.50S,3,1610612761,TOR,1627783,Siakam,P. Siakam,5,13,1,Made,1,76,68,144,v,Siakam 1' Running Layup (3 PTS) (Wright 2 AST),Made Shot,Running Layup Shot,1,0
326,439,PT00M27.50S,3,1610612753,ORL,1626209,Hezonja,M. Hezonja,14,55,6,Missed,1,,,0,h,MISS Hezonja 6' Driving Layup,Missed Shot,Driving Layup Shot,1,0
327,439,PT00M27.50S,3,1610612761,TOR,203512,Nogueira,L. Nogueira,0,0,0,,0,,,0,v,Nogueira BLOCK (1 BLK),,,1,0
328,441,PT00M27.50S,3,1610612761,TOR,1627783,Siakam,P. Siakam,0,0,0,,0,,,0,v,Siakam REBOUND (Off:0 Def:1),Rebound,Unknown,1,0
329,443,PT00M06.10S,3,1610612753,ORL,202687,Biyombo,B. Biyombo,0,0,0,,0,,,0,h,Biyombo P.FOUL (P2.T3) (J.Goble),Foul,Personal,1,0
330,445,PT00M00.00S,3,0,,0,,,0,0,0,,0,76,68,144,,End of 3rd Period (8:39 PM EST),period,end,1,0
331,448,PT12M00.00S,4,0,,0,,,0,0,0,,0,76,68,144,,Start of 4th Period (8:42 PM EST),period,start,0,0
332,449,PT11M47.00S,4,1610612761,TOR,1626153,Wright,D. Wright,24,58,6,Missed,1,,,0,v,MISS Wright 6' Driving Floating Jump Shot,Missed Shot,Driving Floating Jump Shot,1,0
333,450,PT11M45.00S,4,1610612753,ORL,1628411,Iwundu,W. Iwundu,0,0,0,,0,,,0,h,Iwundu REBOUND (Off:2 Def:3),Rebound,Unknown,1,0
334,451,PT11M27.00S,4,1610612753,ORL,1628411,Iwundu,W. Iwundu,0,0,0,,0,,,0,h,Iwundu Bad Pass Turnover (P1.T11),Turnover,Bad Pass,1,0
335,451,PT11M27.00S,4,1610612761,TOR,203485,Brown,L. Brown,0,0,0,,0,,,0,v,Brown STEAL (1 STL),,,1,0
336,453,PT11M25.00S,4,1610612761,TOR,1627783,Siakam,P. Siakam,14,36,4,Missed,1,,,0,v,MISS Siakam 4' Running Layup,Missed Shot,Running Layup Shot,1,0
337,453,PT11M25.00S,4,1610612753,ORL,202687,Biyombo,B. Biyombo,0,0,0,,0,,,0,h,Biyombo BLOCK (2 BLK),,,1,0
338,454,PT11M23.00S,4,1610612753,ORL,202687,Biyombo,B. Biyombo,0,0,0,,0,,,0,h,Biyombo REBOUND (Off:1 Def:3),Rebound,Unknown,1,0
339,455,PT11M15.00S,4,1610612753,ORL,202714,Mack,S. Mack,40,65,8,Missed,1,,,0,h,MISS Mack 8' Floating Jump Shot,Missed Shot,Floating Jump shot,1,0
340,456,PT11M13.00S,4,1610612753,ORL,202687,Biyombo,B. Biyombo,0,0,0,,0,,,0,h,Biyombo REBOUND (Off:2 Def:3),Rebound,Unknown,1,0
341,457,PT11M13.00S,4,1610612753,ORL,202687,Biyombo,B. Biyombo,0,-6,1,Missed,1,,,0,h,MISS Biyombo 1' Putback Dunk,Missed Shot,Putback Dunk Shot,1,0
342,458,PT11M12.00S,4,1610612761,TOR,1626153,Wright,D. Wright,0,0,0,,0,,,0,v,Wright REBOUND (Off:0 Def:2),Rebound,Unknown,1,0
343,459,PT11M05.00S,4,1610612761,TOR,101139,Miles,C. Miles,197,177,26,Missed,1,,,0,v,MISS Miles 26' 3PT Jump Shot,Missed Shot,Jump Shot,1,0
344,460,PT11M02.00S,4,1610612753,ORL,202687,Biyombo,B. Biyombo,0,0,0,,0,,,0,h,Biyombo REBOUND (Off:2 Def:4),Rebound,Unknown,1,0
345,461,PT10M38.00S,4,1610612753,ORL,202714,Mack,S. Mack,180,217,28,Missed,1,,,0,h,MISS Mack 28' 3PT Fadeaway Jumper,Missed Shot,Fadeaway Jump Shot,1,0
346,464,PT10M38.00S,4,0,,1610612753,,,0,0,0,,0,,,0,h,MAGIC Rebound,Rebound,Unknown,0,0
347,486,PT10M38.00S,4,0,,1610612753,,,0,0,0,,0,,,0,h,MAGIC Turnover: Shot Clock (T#12),Turnover,Shot Clock Turnover,0,0
348,463,PT10M28.00S,4,1610612761,TOR,1626153,Wright,D. Wright,13,32,3,Made,1,76,70,146,v,Wright 3' Driving Layup (4 PTS),Made Shot,Driving Layup Shot,1,0
349,465,PT10M04.00S,4,1610612753,ORL,202714,Mack,S. Mack,52,23,6,Missed,1,,,0,h,MISS Mack 6' Driving Layup,Missed Shot,Driving Layup Shot,1,0
350,466,PT10M04.00S,4,1610612753,ORL,202687,Biyombo,B. Biyombo,0,0,0,,0,,,0,h,Biyombo REBOUND (Off:3 Def:4),Rebound,Unknown,1,0
351,467,PT10M02.00S,4,1610612753,ORL,202687,Biyombo,B. Biyombo,40,18,4,Missed,1,,,0,h,MISS Biyombo 4' Putback Layup,Missed Shot,Putback Layup Shot,1,0
352,468,PT10M00.00S,4,1610612761,TOR,1627783,Siakam,P. Siakam,0,0,0,,0,,,0,v,Siakam REBOUND (Off:0 Def:2),Rebound,Unknown,1,0
353,469,PT09M42.00S,4,1610612753,ORL,201167,Afflalo,A. Afflalo,0,0,0,,0,,,0,h,Afflalo S.FOUL (P1.T1) (Z.Zarba),Foul,Shooting,1,0
354,471,PT09M42.00S,4,1610612761,TOR,203512,Nogueira,L. Nogueira,0,0,0,,0,,,0,v,MISS Nogueira Free Throw 1 of 2,Free Throw,Free Throw 1 of 2,0,0
355,472,PT09M42.00S,4,0,,1610612761,,,0,0,0,,0,,,0,v,Raptors Rebound,Rebound,Normal Rebound,0,0
356,473,PT09M42.00S,4,1610612761,TOR,203512,Nogueira,L. Nogueira,0,0,0,,0,,,0,v,MISS Nogueira Free Throw 2 of 2,Free Throw,Free Throw 2 of 2,0,0
357,474,PT09M41.00S,4,1610612753,ORL,1626209,Hezonja,M. Hezonja,0,0,0,,0,,,0,h,Hezonja REBOUND (Off:0 Def:4),Rebound,Unknown,1,0
358,475,PT09M38.00S,4,1610612753,ORL,1626209,Hezonja,M. Hezonja,0,0,0,,0,,,0,h,Jump Ball Hezonja vs. Wright: Tip to Biyombo,Jump Ball,,1,0
359,478,PT09M19.00S,4,1610612753,ORL,1628411,Iwundu,W. Iwundu,144,73,16,Missed,1,,,0,h,MISS Iwundu 16' Pullup Jump Shot,Missed Shot,Pullup Jump shot,1,0
360,479,PT09M18.00S,4,1610612761,TOR,203512,Nogueira,L. Nogueira,0,0,0,,0,,,0,v,Nogueira REBOUND (Off:0 Def:2),Rebound,Unknown,1,0
361,480,PT08M58.00S,4,1610612761,TOR,203485,Brown,L. Brown,-107,26,11,Missed,1,,,0,v,MISS Brown 11' Floating Jump Shot,Missed Shot,Floating Jump shot,1,0
362,481,PT08M56.00S,4,1610612753,ORL,202687,Biyombo,B. Biyombo,0,0,0,,0,,,0,h,Biyombo REBOUND (Off:3 Def:5),Rebound,Unknown,1,0
363,482,PT08M42.00S,4,1610612753,ORL,202714,Mack,S. Mack,47,28,5,Missed,1,,,0,h,MISS Mack 5' Driving Layup,Missed Shot,Driving Layup Shot,1,0
364,482,PT08M42.00S,4,1610612761,TOR,1627783,Siakam,P. Siakam,0,0,0,,0,,,0,v,Siakam BLOCK (1 BLK),,,1,0
365,484,PT08M38.00S,4,1610612761,TOR,1627783,Siakam,P. Siakam,0,0,0,,0,,,0,v,Siakam REBOUND (Off:0 Def:3),Rebound,Unknown,1,0
366,485,PT08M27.00S,4,1610612761,TOR,101139,Miles,C. Miles,9,63,6,Missed,1,,,0,v,MISS Miles 6' Layup,Missed Shot,Layup Shot,1,0
367,485,PT08M27.00S,4,1610612753,ORL,201167,Afflalo,A. Afflalo,0,0,0,,0,,,0,h,Afflalo BLOCK (1 BLK),,,1,0
368,487,PT08M26.00S,4,0,,1610612761,,,0,0,0,,0,,,0,v,Raptors Rebound,Rebound,Unknown,0,0
369,488,PT08M26.00S,4,1610612753,ORL,1626209,Hezonja,M. Hezonja,0,0,0,,0,,,0,h,SUB: Augustin FOR Hezonja,Substitution,,0,0
370,489,PT08M26.00S,4,1610612753,ORL,1628411,Iwundu,W. Iwundu,0,0,0,,0,,,0,h,SUB: Isaac FOR Iwundu,Substitution,,0,0
371,492,PT08M26.00S,4,1610612761,TOR,101139,Miles,C. Miles,0,0,0,,0,,,0,v,SUB: Lowry FOR Miles,Substitution,,0,0
372,494,PT08M24.00S,4,1610612761,TOR,203485,Brown,L. Brown,0,0,0,,0,,,0,v,Brown Out of Bounds - Bad Pass Turnover Turnover (P1.T14),Turnover,Out of Bounds - Bad Pass Turnover,1,0
373,496,PT08M08.00S,4,1610612753,ORL,202714,Mack,S. Mack,43,10,4,Missed,1,,,0,h,MISS Mack 4' Driving Layup,Missed Shot,Driving Layup Shot,1,0
374,496,PT08M08.00S,4,1610612761,TOR,203512,Nogueira,L. Nogueira,0,0,0,,0,,,0,v,Nogueira BLOCK (2 BLK),,,1,0
375,498,PT08M03.00S,4,1610612761,TOR,200768,Lowry,K. Lowry,0,0,0,,0,,,0,v,Lowry REBOUND (Off:0 Def:4),Rebound,Unknown,1,0
376,499,PT08M03.00S,4,1610612753,ORL,1628371,Isaac,J. Isaac,0,0,0,,0,,,0,h,Isaac S.FOUL (P2.T2) (Z.Zarba),Foul,Shooting,1,0
377,501,PT08M03.00S,4,1610612761,TOR,203485,Brown,L. Brown,0,0,0,,0,76,71,147,v,Brown Free Throw 1 of 2 (4 PTS),Free Throw,Free Throw 1 of 2,0,0
378,502,PT08M03.00S,4,1610612753,ORL,202714,Mack,S. Mack,0,0,0,,0,,,0,h,SUB: Gordon FOR Mack,Substitution,,0,0
379,504,PT08M03.00S,4,1610612761,TOR,203485,Brown,L. Brown,0,0,0,,0,76,72,148,v,Brown Free Throw 2 of 2 (5 PTS),Free Throw,Free Throw 2 of 2,0,0
380,505,PT07M43.00S,4,1610612753,ORL,201167,Afflalo,A. Afflalo,0,0,0,,0,,,0,h,Afflalo Out of Bounds - Bad Pass Turnover Turnover (P2.T13),Turnover,Out of Bounds - Bad Pass Turnover,1,0
381,506,PT07M31.00S,4,1610612761,TOR,1627783,Siakam,P. Siakam,0,0,0,,0,,,0,v,Siakam Discontinue Dribble Turnover (P2.T15),Turnover,Discontinue Dribble,1,0
382,507,PT07M13.00S,4,1610612761,TOR,1626153,Wright,D. Wright,0,0,0,,0,,,0,v,Wright S.FOUL (P2.T1) (M.Ayotte),Foul,Shooting,1,0
383,509,PT07M13.00S,4,1610612753,ORL,202687,Biyombo,B. Biyombo,0,0,0,,0,77,72,149,h,Biyombo Free Throw 1 of 2 (5 PTS),Free Throw,Free Throw 1 of 2,0,0
384,510,PT07M13.00S,4,1610612753,ORL,202687,Biyombo,B. Biyombo,0,0,0,,0,78,72,150,h,Biyombo Free Throw 2 of 2 (6 PTS),Free Throw,Free Throw 2 of 2,0,0
385,511,PT06M58.00S,4,1610612761,TOR,1627783,Siakam,P. Siakam,-63,11,6,Missed,1,,,0,v,MISS Siakam 6' Driving Layup,Missed Shot,Driving Layup Shot,1,0
386,511,PT06M58.00S,4,1610612753,ORL,203932,Gordon,A. Gordon,0,0,0,,0,,,0,h,Gordon BLOCK (1 BLK),,,1,0
387,513,PT06M55.00S,4,1610612761,TOR,1627783,Siakam,P. Siakam,0,0,0,,0,,,0,v,Siakam REBOUND (Off:1 Def:3),Rebound,Unknown,1,0
388,514,PT06M49.00S,4,1610612761,TOR,203485,Brown,L. Brown,-21,95,10,Made,1,78,74,152,v,Brown 10' Fadeaway Jumper (7 PTS),Made Shot,Fadeaway Jump Shot,1,0
389,515,PT06M35.00S,4,1610612753,ORL,203932,Gordon,A. Gordon,100,241,26,Missed,1,,,0,h,MISS Gordon 26' 3PT Jump Shot,Missed Shot,Jump Shot,1,0
390,516,PT06M32.00S,4,1610612761,TOR,1626153,Wright,D. Wright,0,0,0,,0,,,0,v,Wright REBOUND (Off:0 Def:3),Rebound,Unknown,1,0
391,517,PT06M26.00S,4,1610612761,TOR,1626153,Wright,D. Wright,-36,24,4,Made,1,78,76,154,v,Wright 4' Running Layup (6 PTS),Made Shot,Running Layup Shot,1,0
392,518,PT06M26.00S,4,0,,1610612753,,,0,0,0,,0,,,0,h,MAGIC Timeout: Regular (Full 4 Short 0),Timeout,Regular,0,0
393,519,PT06M26.00S,4,1610612753,ORL,202687,Biyombo,B. Biyombo,0,0,0,,0,,,0,h,SUB: Vucevic FOR Biyombo,Substitution,,0,0
394,521,PT06M19.00S,4,1610612753,ORL,201571,Augustin,D. Augustin,0,0,0,,0,,,0,h,Augustin OFF.Foul (P2) (M.Ayotte),Foul,Offensive,1,0
395,523,PT06M19.00S,4,1610612753,ORL,201571,Augustin,D. Augustin,0,0,0,,0,,,0,h,Augustin Offensive Foul Turnover (P2.T14),Turnover,Offensive Foul Turnover,1,0
396,524,PT06M19.00S,4,0,,1610612753,,,0,0,0,,0,,,0,,Delay Of Game,Violation,Delay Of Game,0,0
397,526,PT06M05.00S,4,1610612761,TOR,203512,Nogueira,L. Nogueira,-24,9,3,Made,1,78,78,156,v,Nogueira 3' Alley Oop Dunk (4 PTS) (Lowry 7 AST),Made Shot,Alley Oop Dunk Shot,1,0
398,528,PT05M41.00S,4,1610612753,ORL,1628371,Isaac,J. Isaac,68,154,17,Missed,1,,,0,h,MISS Isaac 17' Pullup Jump Shot,Missed Shot,Pullup Jump shot,1,0
399,529,PT05M39.00S,4,1610612761,TOR,1627783,Siakam,P. Siakam,0,0,0,,0,,,0,v,Siakam REBOUND (Off:1 Def:4),Rebound,Unknown,1,0
400,530,PT05M30.00S,4,1610612761,TOR,200768,Lowry,K. Lowry,-211,137,25,Made,1,78,81,159,v,Lowry 25' 3PT Pullup Jump Shot (22 PTS),Made Shot,Pullup Jump shot,1,0
401,531,PT05M07.00S,4,1610612753,ORL,201571,Augustin,D. Augustin,24,264,27,Missed,1,,,0,h,MISS Augustin 27' 3PT Step Back Jump Shot,Missed Shot,Step Back Jump shot,1,0
402,532,PT05M05.00S,4,1610612761,TOR,1626153,Wright,D. Wright,0,0,0,,0,,,0,v,Wright REBOUND (Off:0 Def:4),Rebound,Unknown,1,0
403,533,PT04M53.00S,4,1610612761,TOR,1627783,Siakam,P. Siakam,237,-12,24,Made,1,78,84,162,v,Siakam 24' 3PT Jump Shot (6 PTS) (Wright 3 AST),Made Shot,Jump Shot,1,0
404,535,PT04M52.00S,4,0,,1610612753,,,0,0,0,,0,,,0,h,MAGIC Timeout: Regular (Full 5 Short 0),Timeout,Regular,0,0
405,536,PT04M52.00S,4,1610612753,ORL,1628371,Isaac,J. Isaac,0,0,0,,0,,,0,h,SUB: Mack FOR Isaac,Substitution,,0,0
406,538,PT04M31.00S,4,1610612753,ORL,202696,Vucevic,N. Vucevic,-1,73,7,Made,1,80,84,164,h,Vucevic 7' Turnaround Hook Shot (12 PTS) (Afflalo 1 AST),Made Shot,Turnaround Hook Shot,1,0
407,540,PT04M16.00S,4,1610612761,TOR,1626153,Wright,D. Wright,0,0,0,,0,,,0,v,Wright OFF.Foul (P3) (M.Ayotte),Foul,Offensive,1,0
408,542,PT04M16.00S,4,1610612761,TOR,1626153,Wright,D. Wright,0,0,0,,0,,,0,v,Wright Offensive Foul Turnover (P1.T16),Turnover,Offensive Foul Turnover,1,0
409,543,PT03M50.00S,4,1610612753,ORL,201571,Augustin,D. Augustin,-138,155,21,Missed,1,,,0,h,MISS Augustin 21' Jump Shot,Missed Shot,Jump Shot,1,0
410,544,PT03M48.00S,4,1610612761,TOR,203512,Nogueira,L. Nogueira,0,0,0,,0,,,0,v,Nogueira REBOUND (Off:0 Def:3),Rebound,Unknown,1,0
411,545,PT03M39.00S,4,1610612761,TOR,1627783,Siakam,P. Siakam,14,6,2,Made,1,80,86,166,v,Siakam 2' Cutting Dunk Shot (8 PTS) (Lowry 8 AST),Made Shot,Cutting Dunk Shot,1,0
412,547,PT03M09.00S,4,1610612753,ORL,201167,Afflalo,A. Afflalo,-199,108,23,Missed,1,,,0,h,MISS Afflalo 23' Jump Shot,Missed Shot,Jump Shot,1,0
413,548,PT03M07.00S,4,1610612761,TOR,200768,Lowry,K. Lowry,0,0,0,,0,,,0,v,Lowry REBOUND (Off:0 Def:5),Rebound,Unknown,1,0
414,549,PT03M04.00S,4,0,,1610612761,,,0,0,0,,0,,,0,v,Raptors Timeout: Regular (Reg.3 Short 0),Timeout,Regular,0,0
415,550,PT03M04.00S,4,1610612753,ORL,201167,Afflalo,A. Afflalo,0,0,0,,0,,,0,h,SUB: Isaac FOR Afflalo,Substitution,,0,0
416,552,PT02M47.00S,4,1610612761,TOR,1626153,Wright,D. Wright,-67,1,7,Made,1,80,88,168,v,Wright 7' Turnaround Jump Shot (8 PTS),Made Shot,Turnaround Jump Shot,1,0
417,553,PT02M21.00S,4,1610612753,ORL,203932,Gordon,A. Gordon,9,254,25,Missed,1,,,0,h,MISS Gordon 25' 3PT Step Back Jump Shot,Missed Shot,Step Back Jump shot,1,0
418,554,PT02M19.00S,4,1610612761,TOR,1627783,Siakam,P. Siakam,0,0,0,,0,,,0,v,Siakam REBOUND (Off:1 Def:5),Rebound,Unknown,1,0
419,555,PT02M05.00S,4,1610612761,TOR,1627783,Siakam,P. Siakam,232,0,0,Missed,1,,,0,v,MISS Siakam 3PT Jump Shot,Missed Shot,Jump Shot,1,0
420,556,PT02M01.00S,4,1610612761,TOR,203512,Nogueira,L. Nogueira,0,0,0,,0,,,0,v,Nogueira REBOUND (Off:1 Def:3),Rebound,Unknown,1,0
421,557,PT01M43.00S,4,1610612761,TOR,200768,Lowry,K. Lowry,-201,162,26,Missed,1,,,0,v,MISS Lowry 26' 3PT Step Back Jump Shot,Missed Shot,Step Back Jump shot,1,0
422,558,PT01M41.00S,4,1610612761,TOR,1626153,Wright,D. Wright,0,0,0,,0,,,0,v,Wright REBOUND (Off:1 Def:4),Rebound,Unknown,1,0
423,559,PT01M39.00S,4,1610612761,TOR,200768,Lowry,K. Lowry,-218,115,25,Made,1,80,91,171,v,Lowry 25' 3PT Jump Shot (25 PTS) (Wright 4 AST),Made Shot,Jump Shot,1,0
424,561,PT01M39.00S,4,0,,1610612753,,,0,0,0,,0,,,0,h,MAGIC Timeout: Regular (Full 6 Short 0),Timeout,Regular,0,0
425,562,PT01M28.00S,4,1610612761,TOR,203512,Nogueira,L. Nogueira,0,0,0,,0,,,0,v,Nogueira Personal Block Foul (P1.T2) (Z.Zarba),Foul,Personal Block,1,0
426,564,PT01M24.00S,4,1610612753,ORL,202696,Vucevic,N. Vucevic,-147,212,26,Made,1,83,91,174,h,Vucevic 26' 3PT Jump Shot (15 PTS) (Mack 4 AST),Made Shot,Jump Shot,1,0
427,566,PT01M03.00S,4,1610612761,TOR,1627783,Siakam,P. Siakam,0,0,0,,0,,,0,v,Siakam Bad Pass Turnover (P3.T17),Turnover,Bad Pass,1,0
428,566,PT01M03.00S,4,1610612753,ORL,202696,Vucevic,N. Vucevic,0,0,0,,0,,,0,h,Vucevic STEAL (3 STL),,,1,0
429,568,PT00M54.10S,4,1610612753,ORL,203932,Gordon,A. Gordon,177,191,26,Missed,1,,,0,h,MISS Gordon 26' 3PT Jump Shot,Missed Shot,Jump Shot,1,0
430,569,PT00M40.90S,4,1610612761,TOR,1627783,Siakam,P. Siakam,0,0,0,,0,,,0,v,Siakam REBOUND (Off:1 Def:6),Rebound,Unknown,1,0
431,570,PT00M40.90S,4,1610612753,ORL,1628371,Isaac,J. Isaac,0,0,0,,0,,,0,h,Isaac P.FOUL (P3.T3) (J.Goble),Foul,Personal,1,0
432,572,PT00M38.30S,4,1610612753,ORL,1628371,Isaac,J. Isaac,0,0,0,,0,,,0,h,Isaac P.FOUL (P4.PN) (J.Goble),Foul,Personal,1,0
433,574,PT00M38.30S,4,1610612761,TOR,1626153,Wright,D. Wright,0,0,0,,0,83,92,175,v,Wright Free Throw 1 of 2 (9 PTS),Free Throw,Free Throw 1 of 2,1,0
434,575,PT00M38.30S,4,1610612761,TOR,1626153,Wright,D. Wright,0,0,0,,0,,,0,v,MISS Wright Free Throw 2 of 2,Free Throw,Free Throw 2 of 2,1,0
435,576,PT00M35.20S,4,1610612753,ORL,203932,Gordon,A. Gordon,0,0,0,,0,,,0,h,Gordon REBOUND (Off:0 Def:5),Rebound,Unknown,1,0
436,577,PT00M27.60S,4,1610612753,ORL,203932,Gordon,A. Gordon,152,215,26,Missed,1,,,0,h,MISS Gordon 26' 3PT Pullup Jump Shot,Missed Shot,Pullup Jump shot,1,0
437,578,PT00M25.50S,4,1610612753,ORL,202696,Vucevic,N. Vucevic,0,0,0,,0,,,0,h,Vucevic REBOUND (Off:1 Def:8),Rebound,Unknown,1,0
438,579,PT00M22.30S,4,1610612753,ORL,202714,Mack,S. Mack,174,183,25,Made,1,86,92,178,h,Mack 25' 3PT Pullup Jump Shot (17 PTS) (Augustin 10 AST),Made Shot,Pullup Jump shot,1,0
439,581,PT00M20.60S,4,1610612753,ORL,202696,Vucevic,N. Vucevic,0,0,0,,0,,,0,h,Vucevic P.FOUL (P2.PN) (M.Ayotte),Foul,Personal,1,0
440,583,PT00M20.60S,4,1610612761,TOR,1626153,Wright,D. Wright,0,0,0,,0,86,93,179,v,Wright Free Throw 1 of 2 (10 PTS),Free Throw,Free Throw 1 of 2,1,0
441,584,PT00M20.60S,4,1610612761,TOR,1626153,Wright,D. Wright,0,0,0,,0,,,0,v,MISS Wright Free Throw 2 of 2,Free Throw,Free Throw 2 of 2,1,0
442,585,PT00M20.00S,4,1610612753,ORL,203932,Gordon,A. Gordon,0,0,0,,0,,,0,h,Gordon REBOUND (Off:0 Def:6),Rebound,Unknown,1,0
443,586,PT00M20.00S,4,0,,1610612753,,,0,0,0,,0,,,0,h,MAGIC Timeout: Regular (Full 7 Short 0),Timeout,Regular,0,0
444,587,PT00M20.00S,4,1610612761,TOR,203512,Nogueira,L. Nogueira,0,0,0,,0,,,0,v,SUB: Powell FOR Nogueira,Substitution,,0,0
445,589,PT00M20.00S,4,1610612753,ORL,1628371,Isaac,J. Isaac,0,0,0,,0,,,0,h,Isaac Inbound Turnover (P3.T15),Turnover,Inbound Turnover,1,0
446,590,PT00M00.00S,4,0,,0,,,0,0,0,,0,86,93,179,,End of 4th Period (9:12 PM EST),period,end,1,0
