actionId,actionNumber,clock,period,teamId,teamTricode,personId,playerName,playerNameI,xLegacy,yLegacy,shotDistance,shotResult,isFieldGoal,scoreHome,scoreAway,pointsTotal,location,description,actionType,subType,videoAvailable,shotValue
1,2,PT12M00.00S,1,0,,0,,,0,0,0,,0,0,0,0,,Start of 1st Period (9:11 PM EST),period,start,0,0
2,4,PT12M00.00S,1,1610612762,UTA,203497,Gobert,R. Gobert,0,0,0,,0,,,0,h,Jump Ball Gobert vs. Nurkic: Tip to Hood,Jump Ball,,1,0
3,7,PT11M37.00S,1,1610612762,UTA,201937,Rubio,R. Rubio,0,0,0,,0,,,0,h,Rubio Bad Pass Turnover (P1.T1),Turnover,Bad Pass,1,0
4,7,PT11M37.00S,1,1610612757,POR,203994,Nurkic,J. Nurkic,0,0,0,,0,,,0,v,Nurkic STEAL (1 STL),,,1,0
5,9,PT11M28.00S,1,1610612757,POR,203090,Harkless,M. Harkless,-17,31,4,Missed,1,,,0,v,MISS Harkless 4' Driving Dunk,Missed Shot,Driving Dunk Shot,1,0
6,10,PT11M26.00S,1,1610612762,UTA,203918,Hood,R. Hood,0,0,0,,0,,,0,h,Hood REBOUND (Off:0 Def:1),Rebound,Unknown,1,0
7,11,PT11M18.00S,1,1610612762,UTA,203497,Gobert,R. Gobert,-10,13,2,Missed,1,,,0,h,MISS Gobert 2' Layup,Missed Shot,Layup Shot,1,0
8,11,PT11M18.00S,1,1610612757,POR,203994,Nurkic,J. Nurkic,0,0,0,,0,,,0,v,Nurkic BLOCK (1 BLK),,,1,0
9,13,PT11M15.00S,1,1610612757,POR,203994,Nurkic,J. Nurkic,0,0,0,,0,,,0,v,Nurkic REBOUND (Off:0 Def:1),Rebound,Unknown,1,0
10,14,PT11M08.00S,1,1610612757,POR,203468,McCollum,C. McCollum,-5,90,9,Missed,1,,,0,v,MISS McCollum 9' Floating Jump Shot,Missed Shot,Floating Jump shot,1,0
11,15,PT11M04.00S,1,1610612762,UTA,201937,Rubio,R. Rubio,0,0,0,,0,,,0,h,Rubio REBOUND (Off:0 Def:1),Rebound,Unknown,1,0
12,16,PT10M57.00S,1,1610612762,UTA,203497,Gobert,R. Gobert,0,0,0,,0,,,0,h,Gobert Out of Bounds - Bad Pass Turnover Turnover (P1.T2),Turnover,Out of Bounds - Bad Pass Turnover,1,0
13,17,PT10M41.00S,1,1610612757,POR,203994,Nurkic,J. Nurkic,-16,59,6,Made,1,0,2,2,v,Nurkic 6' Hook Shot (2 PTS),Made Shot,Hook Shot,1,0
14,18,PT10M22.00S,1,1610612762,UTA,203918,Hood,R. Hood,33,176,18,Missed,1,,,0,h,MISS Hood 18' Pullup Jump Shot,Missed Shot,Pullup Jump shot,1,0
15,19,PT10M18.00S,1,1610612757,POR,203468,McCollum,C. McCollum,0,0,0,,0,,,0,v,McCollum REBOUND (Off:0 Def:1),Rebound,Unknown,1,0
16,20,PT10M05.00S,1,1610612757,POR,203994,Nurkic,J. Nurkic,24,18,3,Made,1,0,4,4,v,Nurkic 3' Cutting Layup Shot (4 PTS) (McCollum 1 AST),Made Shot,Cutting Layup Shot,1,0
17,22,PT09M49.00S,1,1610612762,UTA,201937,Rubio,R. Rubio,-158,189,25,Missed,1,,,0,h,MISS Rubio 25' 3PT Jump Shot,Missed Shot,Jump Shot,1,0
18,23,PT09M47.00S,1,1610612757,POR,203994,Nurkic,J. Nurkic,0,0,0,,0,,,0,v,Nurkic REBOUND (Off:0 Def:2),Rebound,Unknown,1,0
19,24,PT09M38.00S,1,1610612757,POR,203468,McCollum,C. McCollum,44,246,25,Missed,1,,,0,v,MISS McCollum 25' 3PT Jump Shot,Missed Shot,Jump Shot,1,0
20,24,PT09M38.00S,1,1610612762,UTA,204060,Ingles,J. Ingles,0,0,0,,0,,,0,h,Ingles BLOCK (1 BLK),,,1,0
21,26,PT09M34.00S,1,1610612762,UTA,202324,Favors,D. Favors,0,0,0,,0,,,0,h,Favors REBOUND (Off:0 Def:1),Rebound,Unknown,1,0
22,27,PT09M22.00S,1,1610612762,UTA,204060,Ingles,J. Ingles,0,0,0,,0,,,0,h,Ingles Bad Pass Turnover (P1.T3),Turnover,Bad Pass,1,0
23,27,PT09M22.00S,1,1610612757,POR,203090,Harkless,M. Harkless,0,0,0,,0,,,0,v,Harkless STEAL (1 STL),,,1,0
24,29,PT09M02.00S,1,1610612757,POR,203994,Nurkic,J. Nurkic,54,7,5,Missed,1,,,0,v,MISS Nurkic 5' Floating Jump Shot,Missed Shot,Floating Jump shot,1,0
25,30,PT09M02.00S,1,1610612757,POR,203994,Nurkic,J. Nurkic,0,0,0,,0,,,0,v,Nurkic REBOUND (Off:1 Def:2),Rebound,Unknown,1,0
26,31,PT09M02.00S,1,1610612757,POR,203994,Nurkic,J. Nurkic,0,-6,1,Made,1,0,6,6,v,Nurkic 1' Tip Layup Shot (6 PTS),Made Shot,Tip Layup Shot,1,0
27,32,PT09M02.00S,1,0,,1610612762,,,0,0,0,,0,,,0,h,JAZZ Timeout: Regular (Full 1 Short 0),Timeout,Regular,0,0
28,33,PT08M52.00S,1,1610612762,UTA,204060,Ingles,J. Ingles,228,11,0,Made,1,3,6,9,h,Ingles 3PT Jump Shot (3 PTS) (Hood 1 AST),Made Shot,Jump Shot,1,0
29,35,PT08M33.00S,1,1610612762,UTA,203497,Gobert,R. Gobert,0,0,0,,0,,,0,h,Gobert S.FOUL (P1.T1) (T.Ford),Foul,Shooting,1,0
30,37,PT08M33.00S,1,1610612757,POR,203994,Nurkic,J. Nurkic,0,0,0,,0,3,7,10,v,Nurkic Free Throw 1 of 2 (7 PTS),Free Throw,Free Throw 1 of 2,0,0
31,38,PT08M33.00S,1,1610612757,POR,203994,Nurkic,J. Nurkic,0,0,0,,0,,,0,v,MISS Nurkic Free Throw 2 of 2,Free Throw,Free Throw 2 of 2,0,0
32,39,PT08M31.00S,1,1610612762,UTA,203497,Gobert,R. Gobert,0,0,0,,0,,,0,h,Gobert REBOUND (Off:0 Def:1),Rebound,Unknown,1,0
33,40,PT08M19.00S,1,1610612762,UTA,203918,Hood,R. Hood,-69,172,19,Missed,1,,,0,h,MISS Hood 19' Jump Shot,Missed Shot,Jump Shot,1,0
34,41,PT08M14.00S,1,1610612757,POR,203090,Harkless,M. Harkless,0,0,0,,0,,,0,v,Harkless REBOUND (Off:0 Def:1),Rebound,Unknown,1,0
35,42,PT08M10.00S,1,1610612757,POR,203081,Lillard,D. Lillard,0,0,0,,0,,,0,v,Lillard Bad Pass Turnover (P1.T1),Turnover,Bad Pass,1,0
36,42,PT08M10.00S,1,1610612762,UTA,203918,Hood,R. Hood,0,0,0,,0,,,0,h,Hood STEAL (1 STL),,,1,0
37,44,PT08M01.00S,1,1610612762,UTA,203497,Gobert,R. Gobert,13,5,1,Made,1,5,7,12,h,Gobert 1' Cutting Layup Shot (2 PTS) (Ingles 1 AST),Made Shot,Cutting Layup Shot,1,0
38,46,PT08M01.00S,1,1610612757,POR,203994,Nurkic,J. Nurkic,0,0,0,,0,,,0,v,Nurkic S.FOUL (P1.T1) (A.Smith),Foul,Shooting,1,0
39,48,PT08M01.00S,1,1610612762,UTA,203497,Gobert,R. Gobert,0,0,0,,0,6,7,13,h,Gobert Free Throw 1 of 1 (3 PTS),Free Throw,Free Throw 1 of 1,0,0
40,49,PT07M51.00S,1,1610612757,POR,203081,Lillard,D. Lillard,114,117,16,Made,1,6,9,15,v,Lillard 16' Pullup Jump Shot (2 PTS),Made Shot,Pullup Jump shot,1,0
41,50,PT07M38.00S,1,1610612762,UTA,201937,Rubio,R. Rubio,-65,74,10,Missed,1,,,0,h,MISS Rubio 10' Floating Jump Shot,Missed Shot,Floating Jump shot,1,0
42,50,PT07M38.00S,1,1610612757,POR,203081,Lillard,D. Lillard,0,0,0,,0,,,0,v,Lillard BLOCK (1 BLK),,,1,0
43,51,PT07M30.00S,1,1610612757,POR,203081,Lillard,D. Lillard,0,0,0,,0,,,0,v,Lillard REBOUND (Off:0 Def:1),Rebound,Unknown,1,0
44,52,PT07M29.00S,1,1610612757,POR,203090,Harkless,M. Harkless,-116,220,25,Made,1,6,12,18,v,Harkless 25' 3PT Jump Shot (3 PTS) (Lillard 1 AST),Made Shot,Jump Shot,1,0
45,54,PT07M03.00S,1,1610612762,UTA,203497,Gobert,R. Gobert,6,138,14,Missed,1,,,0,h,MISS Gobert 14' Jump Shot,Missed Shot,Jump Shot,1,0
46,55,PT07M00.00S,1,1610612762,UTA,202324,Favors,D. Favors,0,0,0,,0,,,0,h,Favors REBOUND (Off:1 Def:1),Rebound,Unknown,1,0
47,56,PT06M56.00S,1,1610612762,UTA,202324,Favors,D. Favors,-16,9,2,Missed,1,,,0,h,MISS Favors 2' Layup,Missed Shot,Layup Shot,1,0
48,57,PT06M54.00S,1,1610612757,POR,203468,McCollum,C. McCollum,0,0,0,,0,,,0,v,McCollum REBOUND (Off:0 Def:2),Rebound,Unknown,1,0
49,58,PT06M49.00S,1,1610612757,POR,203468,McCollum,C. McCollum,0,0,0,,0,,,0,v,McCollum Traveling Turnover (P1.T2),Turnover,Traveling,1,0
50,61,PT06M30.00S,1,1610612762,UTA,202324,Favors,D. Favors,32,173,18,Missed,1,,,0,h,MISS Favors 18' Jump Shot,Missed Shot,Jump Shot,1,0
51,62,PT06M23.00S,1,1610612757,POR,203994,Nurkic,J. Nurkic,0,0,0,,0,,,0,v,Nurkic REBOUND (Off:1 Def:3),Rebound,Unknown,1,0
52,63,PT06M18.00S,1,1610612757,POR,203081,Lillard,D. Lillard,0,0,0,,0,,,0,v,Lillard Lost Ball Turnover (P2.T3),Turnover,Lost Ball,1,0
53,63,PT06M18.00S,1,1610612762,UTA,201937,Rubio,R. Rubio,0,0,0,,0,,,0,h,Rubio STEAL (1 STL),,,1,0
54,67,PT06M13.00S,1,1610612762,UTA,203918,Hood,R. Hood,0,0,0,,0,,,0,h,SUB: Mitchell FOR Hood,Substitution,,0,0
55,69,PT06M13.00S,1,1610612757,POR,203994,Nurkic,J. Nurkic,0,0,0,,0,,,0,v,SUB: Davis FOR Nurkic,Substitution,,0,0
56,70,PT06M06.00S,1,1610612762,UTA,204060,Ingles,J. Ingles,234,0,0,Missed,1,,,0,h,MISS Ingles 3PT Jump Shot,Missed Shot,Jump Shot,1,0
57,71,PT06M00.00S,1,1610612757,POR,203081,Lillard,D. Lillard,0,0,0,,0,,,0,v,Lillard REBOUND (Off:0 Def:2),Rebound,Unknown,1,0
58,72,PT05M58.00S,1,1610612762,UTA,201937,Rubio,R. Rubio,0,0,0,,0,,,0,h,Rubio S.FOUL (P1.T2) (T.Ford),Foul,Shooting,1,0
59,74,PT05M58.00S,1,1610612757,POR,203081,Lillard,D. Lillard,0,0,0,,0,6,13,19,v,Lillard Free Throw 1 of 2 (3 PTS),Free Throw,Free Throw 1 of 2,0,0
60,79,PT05M58.00S,1,1610612762,UTA,201937,Rubio,R. Rubio,0,0,0,,0,,,0,h,SUB: Jerebko FOR Rubio,Substitution,,0,0
61,80,PT05M58.00S,1,1610612762,UTA,202324,Favors,D. Favors,0,0,0,,0,,,0,h,SUB: Burks FOR Favors,Substitution,,0,0
62,81,PT05M58.00S,1,1610612757,POR,203468,McCollum,C. McCollum,0,0,0,,0,,,0,v,SUB: Connaughton FOR McCollum,Substitution,,0,0
63,82,PT05M58.00S,1,1610612757,POR,203090,Harkless,M. Harkless,0,0,0,,0,,,0,v,SUB: Turner FOR Harkless,Substitution,,0,0
64,83,PT05M58.00S,1,1610612757,POR,203081,Lillard,D. Lillard,0,0,0,,0,6,14,20,v,Lillard Free Throw 2 of 2 (4 PTS),Free Throw,Free Throw 2 of 2,0,0
65,84,PT05M48.00S,1,1610612762,UTA,1628378,Mitchell,D. Mitchell,193,157,25,Made,1,9,14,23,h,Mitchell 25' 3PT Jump Shot (3 PTS) (Ingles 2 AST),Made Shot,Jump Shot,1,0
66,86,PT05M31.00S,1,1610612762,UTA,204060,Ingles,J. Ingles,0,0,0,,0,,,0,h,Ingles Violation:Kicked Ball (T.Ford),Violation,Kicked Ball,0,0
67,88,PT05M22.00S,1,1610612757,POR,203081,Lillard,D. Lillard,14,22,3,Missed,1,,,0,v,MISS Lillard 3' Reverse Layup,Missed Shot,Reverse Layup Shot,1,0
68,89,PT05M19.00S,1,1610612762,UTA,203497,Gobert,R. Gobert,0,0,0,,0,,,0,h,Gobert REBOUND (Off:0 Def:2),Rebound,Unknown,1,0
69,90,PT05M10.00S,1,1610612762,UTA,202692,Burks,A. Burks,159,216,27,Made,1,12,14,26,h,Burks 27' 3PT Jump Shot (3 PTS) (Gobert 1 AST),Made Shot,Jump Shot,1,0
70,92,PT04M46.00S,1,1610612757,POR,1626192,Connaughton,P. Connaughton,-58,127,14,Missed,1,,,0,v,MISS Connaughton 14' Fadeaway Jumper,Missed Shot,Fadeaway Jump Shot,1,0
71,93,PT04M44.00S,1,1610612762,UTA,203497,Gobert,R. Gobert,0,0,0,,0,,,0,h,Gobert REBOUND (Off:0 Def:3),Rebound,Unknown,1,0
72,94,PT04M34.00S,1,1610612762,UTA,204060,Ingles,J. Ingles,161,192,25,Missed,1,,,0,h,MISS Ingles 25' 3PT Step Back Jump Shot,Missed Shot,Step Back Jump shot,1,0
73,95,PT04M30.00S,1,1610612757,POR,203081,Lillard,D. Lillard,0,0,0,,0,,,0,v,Lillard REBOUND (Off:0 Def:3),Rebound,Unknown,1,0
74,96,PT04M26.00S,1,1610612757,POR,203081,Lillard,D. Lillard,-46,248,25,Missed,1,,,0,v,MISS Lillard 25' 3PT Pullup Jump Shot,Missed Shot,Pullup Jump shot,1,0
75,97,PT04M24.00S,1,1610612762,UTA,204060,Ingles,J. Ingles,0,0,0,,0,,,0,h,Ingles REBOUND (Off:0 Def:1),Rebound,Unknown,1,0
76,98,PT04M13.00S,1,1610612762,UTA,201973,Jerebko,J. Jerebko,-134,211,25,Made,1,15,14,29,h,Jerebko 25' 3PT Jump Shot (3 PTS) (Ingles 3 AST),Made Shot,Jump Shot,1,0
77,103,PT03M49.00S,1,1610612762,UTA,204060,Ingles,J. Ingles,0,0,0,,0,,,0,h,SUB: Sefolosha FOR Ingles,Substitution,,0,0
78,104,PT03M49.00S,1,1610612757,POR,202329,Aminu,A. Aminu,0,0,0,,0,,,0,v,SUB: Vonleh FOR Aminu,Substitution,,0,0
79,105,PT03M42.00S,1,1610612757,POR,202334,Davis,E. Davis,-11,55,6,Missed,1,,,0,v,MISS Davis 6' Layup,Missed Shot,Layup Shot,1,0
80,106,PT03M36.00S,1,1610612757,POR,203943,Vonleh,N. Vonleh,0,0,0,,0,,,0,v,Vonleh REBOUND (Off:1 Def:0),Rebound,Unknown,1,0
81,107,PT03M36.00S,1,1610612757,POR,203943,Vonleh,N. Vonleh,0,-6,1,Missed,1,,,0,v,MISS Vonleh 1' Tip Layup Shot,Missed Shot,Tip Layup Shot,1,0
82,108,PT03M35.00S,1,1610612762,UTA,200757,Sefolosha,T. Sefolosha,0,0,0,,0,,,0,h,Sefolosha REBOUND (Off:0 Def:1),Rebound,Unknown,1,0
83,109,PT03M30.00S,1,1610612762,UTA,1628378,Mitchell,D. Mitchell,0,0,0,,0,,,0,h,Mitchell Lost Ball Turnover (P1.T4),Turnover,Lost Ball,1,0
84,109,PT03M30.00S,1,1610612757,POR,203081,Lillard,D. Lillard,0,0,0,,0,,,0,v,Lillard STEAL (1 STL),,,1,0
85,111,PT03M28.00S,1,1610612762,UTA,1628378,Mitchell,D. Mitchell,0,0,0,,0,,,0,h,Mitchell P.FOUL (P1.T3) (J.Goble),Foul,Personal,1,0
86,113,PT03M28.00S,1,0,,1610612757,,,0,0,0,,0,,,0,v,Trail Blazers Timeout: Regular (Reg.1 Short 0),Timeout,Regular,0,0
87,114,PT03M14.00S,1,1610612757,POR,203081,Lillard,D. Lillard,0,99,10,Made,1,15,16,31,v,Lillard 10' Fadeaway Jumper (6 PTS),Made Shot,Fadeaway Jump Shot,1,0
88,115,PT02M50.00S,1,1610612762,UTA,201973,Jerebko,J. Jerebko,-143,203,25,Missed,1,,,0,h,MISS Jerebko 25' 3PT Jump Shot,Missed Shot,Jump Shot,1,0
89,116,PT02M49.00S,1,0,,1610612757,,,0,0,0,,0,,,0,v,Trail Blazers Rebound,Rebound,Unknown,0,0
90,117,PT02M38.00S,1,1610612757,POR,203081,Lillard,D. Lillard,-55,283,29,Missed,1,,,0,v,MISS Lillard 29' 3PT Step Back Jump Shot,Missed Shot,Step Back Jump shot,1,0
91,118,PT02M33.00S,1,1610612762,UTA,203497,Gobert,R. Gobert,0,0,0,,0,,,0,h,Gobert REBOUND (Off:0 Def:4),Rebound,Unknown,1,0
92,119,PT02M28.00S,1,1610612762,UTA,202692,Burks,A. Burks,96,61,11,Missed,1,,,0,h,MISS Burks 11' Pullup Jump Shot,Missed Shot,Pullup Jump shot,1,0
93,120,PT02M24.00S,1,1610612757,POR,202323,Turner,E. Turner,0,0,0,,0,,,0,v,Turner REBOUND (Off:0 Def:1),Rebound,Unknown,1,0
94,121,PT02M18.00S,1,1610612757,POR,202323,Turner,E. Turner,82,29,9,Missed,1,,,0,v,MISS Turner 9' Turnaround Jump Shot,Missed Shot,Turnaround Jump Shot,1,0
95,122,PT02M15.00S,1,1610612762,UTA,200757,Sefolosha,T. Sefolosha,0,0,0,,0,,,0,h,Sefolosha REBOUND (Off:0 Def:2),Rebound,Unknown,1,0
96,123,PT02M10.00S,1,1610612762,UTA,1628378,Mitchell,D. Mitchell,226,88,24,Made,1,18,16,34,h,Mitchell 24' 3PT Jump Shot (6 PTS) (Sefolosha 1 AST),Made Shot,Jump Shot,1,0
97,125,PT01M48.00S,1,1610612757,POR,202323,Turner,E. Turner,226,10,0,Missed,1,,,0,v,MISS Turner 3PT Jump Shot,Missed Shot,Jump Shot,1,0
98,126,PT01M47.00S,1,1610612762,UTA,1628378,Mitchell,D. Mitchell,0,0,0,,0,,,0,h,Mitchell REBOUND (Off:0 Def:1),Rebound,Unknown,1,0
99,127,PT01M42.00S,1,1610612762,UTA,202692,Burks,A. Burks,19,6,2,Missed,1,,,0,h,MISS Burks 2' Layup,Missed Shot,Layup Shot,1,0
100,128,PT01M39.00S,1,1610612757,POR,202323,Turner,E. Turner,0,0,0,,0,,,0,v,Turner REBOUND (Off:0 Def:2),Rebound,Unknown,1,0
101,129,PT01M35.00S,1,1610612757,POR,203081,Lillard,D. Lillard,-16,10,2,Made,1,18,18,36,v,Lillard 2' Running Layup (8 PTS) (Connaughton 1 AST),Made Shot,Running Layup Shot,1,0
102,132,PT01M20.00S,1,1610612762,UTA,1628378,Mitchell,D. Mitchell,12,79,8,Made,1,20,18,38,h,Mitchell 8' Floating Jump Shot (8 PTS),Made Shot,Floating Jump shot,1,0
103,133,PT00M59.60S,1,1610612757,POR,1626192,Connaughton,P. Connaughton,-39,194,20,Missed,1,,,0,v,MISS Connaughton 20' Fadeaway Jumper,Missed Shot,Fadeaway Jump Shot,1,0
104,134,PT00M57.00S,1,1610612762,UTA,201973,Jerebko,J. Jerebko,0,0,0,,0,,,0,h,Jerebko REBOUND (Off:0 Def:1),Rebound,Unknown,1,0
105,135,PT00M49.80S,1,1610612762,UTA,1628378,Mitchell,D. Mitchell,-134,218,26,Missed,1,,,0,h,MISS Mitchell 26' 3PT Pullup Jump Shot,Missed Shot,Pullup Jump shot,1,0
106,136,PT00M45.90S,1,1610612757,POR,1626192,Connaughton,P. Connaughton,0,0,0,,0,,,0,v,Connaughton REBOUND (Off:0 Def:1),Rebound,Unknown,1,0
107,137,PT00M33.50S,1,1610612757,POR,202334,Davis,E. Davis,18,10,2,Made,1,20,20,40,v,Davis 2' Layup (2 PTS) (Lillard 2 AST),Made Shot,Layup Shot,1,0
108,139,PT00M15.20S,1,1610612762,UTA,1628378,Mitchell,D. Mitchell,-20,3,2,Made,1,22,20,42,h,Mitchell 2' Driving Layup (10 PTS),Made Shot,Driving Layup Shot,1,0
109,140,PT00M01.50S,1,1610612757,POR,203081,Lillard,D. Lillard,-103,5,10,Missed,1,,,0,v,MISS Lillard 10' Step Back Jump Shot,Missed Shot,Step Back Jump shot,1,0
110,140,PT00M01.50S,1,1610612762,UTA,200757,Sefolosha,T. Sefolosha,0,0,0,,0,,,0,h,Sefolosha BLOCK (1 BLK),,,1,0
111,142,PT00M01.50S,1,0,,1610612757,,,0,0,0,,0,,,0,v,Trail Blazers Rebound,Rebound,Unknown,0,0
112,457,PT00M01.50S,1,1610612762,UTA,201973,Jerebko,J. Jerebko,0,0,0,,0,,,0,h,SUB: Udoh FOR Jerebko,Substitution,,0,0
113,458,PT00M01.50S,1,1610612762,UTA,202692,Burks,A. Burks,0,0,0,,0,,,0,h,SUB: Rubio FOR Burks,Substitution,,0,0
114,459,PT00M01.50S,1,1610612757,POR,203943,Vonleh,N. Vonleh,0,0,0,,0,,,0,v,SUB: McCollum FOR Vonleh,Substitution,,0,0
115,150,PT00M00.00S,1,1610612757,POR,203081,Lillard,D. Lillard,-144,204,25,Missed,1,,,0,v,MISS Lillard 25' 3PT Jump Shot,Missed Shot,Jump Shot,1,0
116,151,PT00M00.00S,1,0,,1610612757,,,0,0,0,,0,,,0,v,Trail Blazers Rebound,Rebound,Unknown,0,0
117,153,PT00M00.00S,1,0,,0,,,0,0,0,,0,22,20,42,,End of 1st Period (9:34 PM EST),period,end,1,0
118,160,PT12M00.00S,2,0,,0,,,0,0,0,,0,22,20,42,,Start of 2nd Period (9:36 PM EST),period,start,0,0
119,162,PT11M49.00S,2,1610612757,POR,202334,Davis,E. Davis,0,0,0,,0,,,0,v,SUB: Nurkic FOR Davis,Substitution,,0,0
120,163,PT11M41.00S,2,1610612762,UTA,200757,Sefolosha,T. Sefolosha,0,0,0,,0,,,0,h,Jump Ball Sefolosha vs. Turner: Tip to Vonleh,Jump Ball,,0,0
121,351,PT11M41.00S,2,1610612757,POR,203943,Vonleh,N. Vonleh,0,0,0,,0,,,0,v,Vonleh Bad Pass Turnover (P1.T5),Turnover,Bad Pass,1,0
122,351,PT11M41.00S,2,1610612762,UTA,203918,Hood,R. Hood,0,0,0,,0,,,0,h,Hood STEAL (2 STL),,,1,0
123,166,PT11M41.00S,2,1610612757,POR,202323,Turner,E. Turner,0,0,0,,0,,,0,v,Turner Lost Ball Turnover (P1.T5),Turnover,Lost Ball,1,0
124,166,PT11M41.00S,2,1610612762,UTA,200757,Sefolosha,T. Sefolosha,0,0,0,,0,,,0,h,Sefolosha STEAL (1 STL),,,1,0
125,168,PT11M36.00S,2,1610612762,UTA,203918,Hood,R. Hood,65,83,11,Missed,1,,,0,h,MISS Hood 11' Jump Shot,Missed Shot,Jump Shot,1,0
126,169,PT11M32.00S,2,1610612757,POR,203468,McCollum,C. McCollum,0,0,0,,0,,,0,v,McCollum REBOUND (Off:0 Def:3),Rebound,Unknown,1,0
127,246,PT11M23.00S,2,1610612762,UTA,201973,Jerebko,J. Jerebko,0,0,0,,0,,,0,h,Jerebko T.FOUL (P0.T0) (J.Goble),Foul,Technical,1,0
128,171,PT11M23.00S,2,1610612757,POR,203468,McCollum,C. McCollum,0,0,0,,0,22,21,43,v,McCollum Free Throw Technical (1 PTS),Free Throw,Free Throw Technical,0,0
129,172,PT11M14.00S,2,1610612757,POR,203943,Vonleh,N. Vonleh,-23,23,3,Missed,1,,,0,v,MISS Vonleh 3' Layup,Missed Shot,Layup Shot,1,0
130,172,PT11M14.00S,2,1610612762,UTA,203918,Hood,R. Hood,0,0,0,,0,,,0,h,Hood BLOCK (1 BLK),,,1,0
131,177,PT11M11.00S,2,0,,1610612762,,,0,0,0,,0,,,0,h,JAZZ Rebound,Rebound,Unknown,0,0
132,174,PT11M11.00S,2,1610612762,UTA,202327,Udoh,E. Udoh,0,0,0,,0,,,0,h,Jump Ball Udoh vs. Vonleh: Tip to Hood,Jump Ball,,0,0
133,178,PT11M02.00S,2,1610612762,UTA,203918,Hood,R. Hood,-3,104,10,Missed,1,,,0,h,MISS Hood 10' Floating Jump Shot,Missed Shot,Floating Jump shot,1,0
134,179,PT10M59.00S,2,1610612757,POR,203994,Nurkic,J. Nurkic,0,0,0,,0,,,0,v,Nurkic REBOUND (Off:1 Def:4),Rebound,Unknown,1,0
135,180,PT10M49.00S,2,1610612757,POR,1626192,Connaughton,P. Connaughton,-132,218,25,Missed,1,,,0,v,MISS Connaughton 25' 3PT Jump Shot,Missed Shot,Jump Shot,1,0
136,181,PT10M46.00S,2,1610612762,UTA,202327,Udoh,E. Udoh,0,0,0,,0,,,0,h,Udoh REBOUND (Off:0 Def:1),Rebound,Unknown,1,0
137,182,PT10M36.00S,2,1610612762,UTA,201937,Rubio,R. Rubio,-38,198,20,Made,1,24,21,45,h,Rubio 20' Pullup Jump Shot (2 PTS),Made Shot,Pullup Jump shot,1,0
138,184,PT10M20.00S,2,1610612757,POR,203994,Nurkic,J. Nurkic,0,0,0,,0,,,0,v,Nurkic Out of Bounds - Bad Pass Turnover Turnover (P1.T6),Turnover,Out of Bounds - Bad Pass Turnover,1,0
139,185,PT10M10.00S,2,1610612757,POR,1626192,Connaughton,P. Connaughton,0,0,0,,0,,,0,v,Connaughton S.FOUL (P1.T1) (A.Smith),Foul,Shooting,1,0
140,187,PT10M10.00S,2,1610612762,UTA,200757,Sefolosha,T. Sefolosha,0,0,0,,0,25,21,46,h,Sefolosha Free Throw 1 of 2 (1 PTS),Free Throw,Free Throw 1 of 2,0,0
141,189,PT10M10.00S,2,1610612757,POR,1626192,Connaughton,P. Connaughton,0,0,0,,0,,,0,v,SUB: Harkless FOR Connaughton,Substitution,,0,0
142,190,PT10M10.00S,2,1610612762,UTA,200757,Sefolosha,T. Sefolosha,0,0,0,,0,26,21,47,h,Sefolosha Free Throw 2 of 2 (2 PTS),Free Throw,Free Throw 2 of 2,0,0
143,193,PT09M48.00S,2,1610612757,POR,202323,Turner,E. Turner,0,0,0,,0,,,0,v,Turner L.B.FOUL (P1.T2) (A.Smith),Foul,Loose Ball,1,0
144,191,PT09M47.00S,2,1610612757,POR,203994,Nurkic,J. Nurkic,0,0,0,,0,,,0,v,Nurkic Lost Ball Turnover (P2.T7),Turnover,Lost Ball,1,0
145,195,PT09M25.00S,2,1610612762,UTA,200757,Sefolosha,T. Sefolosha,-13,14,2,Missed,1,,,0,h,MISS Sefolosha 2' Reverse Layup,Missed Shot,Reverse Layup Shot,1,0
146,196,PT09M22.00S,2,1610612762,UTA,202327,Udoh,E. Udoh,0,0,0,,0,,,0,h,Udoh REBOUND (Off:1 Def:1),Rebound,Unknown,1,0
147,198,PT09M08.00S,2,1610612762,UTA,200757,Sefolosha,T. Sefolosha,-18,24,3,Missed,1,,,0,h,MISS Sefolosha 3' Driving Layup,Missed Shot,Driving Layup Shot,1,0
148,199,PT09M06.00S,2,0,,1610612757,,,0,0,0,,0,,,0,v,Trail Blazers Rebound,Rebound,Unknown,0,0
149,200,PT08M55.00S,2,1610612757,POR,203468,McCollum,C. McCollum,-18,169,17,Missed,1,,,0,v,MISS McCollum 17' Pullup Jump Shot,Missed Shot,Pullup Jump shot,1,0
150,201,PT08M52.00S,2,1610612762,UTA,200757,Sefolosha,T. Sefolosha,0,0,0,,0,,,0,h,Sefolosha REBOUND (Off:0 Def:3),Rebound,Unknown,1,0
151,202,PT08M52.00S,2,1610612762,UTA,200757,Sefolosha,T. Sefolosha,0,0,0,,0,,,0,h,Sefolosha Out of Bounds - Bad Pass Turnover Turnover (P1.T5),Turnover,Out of Bounds - Bad Pass Turnover,1,0
152,203,PT08M39.00S,2,1610612757,POR,202323,Turner,E. Turner,0,0,0,,0,,,0,v,Turner Out of Bounds - Bad Pass Turnover Turnover (P2.T8),Turnover,Out of Bounds - Bad Pass Turnover,1,0
153,204,PT08M24.00S,2,1610612762,UTA,203918,Hood,R. Hood,73,80,11,Missed,1,,,0,h,MISS Hood 11' Step Back Jump Shot,Missed Shot,Step Back Jump shot,1,0
154,205,PT08M19.00S,2,1610612757,POR,203994,Nurkic,J. Nurkic,0,0,0,,0,,,0,v,Nurkic REBOUND (Off:1 Def:5),Rebound,Unknown,1,0
155,206,PT08M14.00S,2,1610612757,POR,203468,McCollum,C. McCollum,0,0,0,,0,,,0,v,McCollum Lost Ball Turnover (P2.T9),Turnover,Lost Ball,1,0
156,206,PT08M14.00S,2,1610612762,UTA,202327,Udoh,E. Udoh,0,0,0,,0,,,0,h,Udoh STEAL (1 STL),,,1,0
157,208,PT08M11.00S,2,1610612757,POR,203090,Harkless,M. Harkless,0,0,0,,0,,,0,v,Harkless S.FOUL (P1.T3) (J.Goble),Foul,Shooting,1,0
158,210,PT08M11.00S,2,1610612762,UTA,200757,Sefolosha,T. Sefolosha,0,0,0,,0,27,21,48,h,Sefolosha Free Throw 1 of 2 (3 PTS),Free Throw,Free Throw 1 of 2,0,0
159,213,PT08M11.00S,2,1610612762,UTA,201937,Rubio,R. Rubio,0,0,0,,0,,,0,h,SUB: Mitchell FOR Rubio,Substitution,,0,0
160,214,PT08M11.00S,2,1610612757,POR,203943,Vonleh,N. Vonleh,0,0,0,,0,,,0,v,SUB: Aminu FOR Vonleh,Substitution,,0,0
161,215,PT08M11.00S,2,1610612762,UTA,200757,Sefolosha,T. Sefolosha,0,0,0,,0,28,21,49,h,Sefolosha Free Throw 2 of 2 (4 PTS),Free Throw,Free Throw 2 of 2,0,0
162,216,PT07M50.00S,2,1610612757,POR,203994,Nurkic,J. Nurkic,-36,73,8,Missed,1,,,0,v,MISS Nurkic 8' Hook Shot,Missed Shot,Hook Shot,1,0
163,217,PT07M50.00S,2,0,,1610612762,,,0,0,0,,0,,,0,h,JAZZ Rebound,Rebound,Unknown,1,0
164,218,PT07M50.00S,2,1610612757,POR,203994,Nurkic,J. Nurkic,0,0,0,,0,,,0,v,Nurkic L.B.FOUL (P2.T4) (J.Goble),Foul,Loose Ball,1,0
165,221,PT07M50.00S,2,1610612762,UTA,200757,Sefolosha,T. Sefolosha,0,0,0,,0,,,0,h,SUB: Ingles FOR Sefolosha,Substitution,,0,0
166,222,PT07M41.00S,2,1610612762,UTA,1628378,Mitchell,D. Mitchell,122,132,18,Missed,1,,,0,h,MISS Mitchell 18' Pullup Jump Shot,Missed Shot,Pullup Jump shot,1,0
167,223,PT07M39.00S,2,0,,1610612757,,,0,0,0,,0,,,0,v,Trail Blazers Rebound,Rebound,Unknown,0,0
168,224,PT07M39.00S,2,1610612762,UTA,202324,Favors,D. Favors,0,0,0,,0,,,0,h,Favors L.B.FOUL (P1.T1) (A.Smith),Foul,Loose Ball,1,0
169,226,PT07M27.00S,2,1610612757,POR,203994,Nurkic,J. Nurkic,-35,25,4,Missed,1,,,0,v,MISS Nurkic 4' Layup,Missed Shot,Layup Shot,1,0
170,226,PT07M27.00S,2,1610612762,UTA,202327,Udoh,E. Udoh,0,0,0,,0,,,0,h,Udoh BLOCK (1 BLK),,,1,0
171,228,PT07M24.00S,2,1610612762,UTA,204060,Ingles,J. Ingles,0,0,0,,0,,,0,h,Ingles REBOUND (Off:0 Def:2),Rebound,Unknown,1,0
172,229,PT07M17.00S,2,1610612762,UTA,203918,Hood,R. Hood,110,80,14,Missed,1,,,0,h,MISS Hood 14' Pullup Jump Shot,Missed Shot,Pullup Jump shot,1,0
173,230,PT07M16.00S,2,1610612762,UTA,202324,Favors,D. Favors,0,0,0,,0,,,0,h,Favors REBOUND (Off:2 Def:1),Rebound,Unknown,1,0
174,231,PT07M16.00S,2,1610612757,POR,203090,Harkless,M. Harkless,0,0,0,,0,,,0,v,Harkless S.FOUL (P2.PN) (T.Ford),Foul,Shooting,1,0
175,233,PT07M16.00S,2,1610612762,UTA,202324,Favors,D. Favors,0,0,0,,0,29,21,50,h,Favors Free Throw 1 of 2 (1 PTS),Free Throw,Free Throw 1 of 2,0,0
176,236,PT07M16.00S,2,1610612762,UTA,203918,Hood,R. Hood,0,0,0,,0,,,0,h,SUB: Burks FOR Hood,Substitution,,0,0
177,237,PT07M16.00S,2,1610612757,POR,202323,Turner,E. Turner,0,0,0,,0,,,0,v,SUB: Lillard FOR Turner,Substitution,,0,0
178,238,PT07M16.00S,2,1610612762,UTA,202324,Favors,D. Favors,0,0,0,,0,,,0,h,MISS Favors Free Throw 2 of 2,Free Throw,Free Throw 2 of 2,0,0
179,239,PT07M13.00S,2,1610612757,POR,202329,Aminu,A. Aminu,0,0,0,,0,,,0,v,Aminu REBOUND (Off:0 Def:1),Rebound,Unknown,1,0
180,240,PT07M00.00S,2,1610612757,POR,203468,McCollum,C. McCollum,13,12,2,Made,1,29,23,52,v,McCollum 2' Driving Layup (3 PTS) (Harkless 1 AST),Made Shot,Driving Layup Shot,1,0
181,241,PT06M48.00S,2,1610612762,UTA,1628378,Mitchell,D. Mitchell,16,13,2,Missed,1,,,0,h,MISS Mitchell 2' Driving Layup,Missed Shot,Driving Layup Shot,1,0
182,242,PT06M46.00S,2,1610612757,POR,203468,McCollum,C. McCollum,0,0,0,,0,,,0,v,McCollum REBOUND (Off:0 Def:4),Rebound,Unknown,1,0
183,243,PT06M43.00S,2,1610612762,UTA,204060,Ingles,J. Ingles,0,0,0,,0,,,0,h,Ingles P.FOUL (P1.T2) (J.Goble),Foul,Personal,1,0
184,245,PT06M43.00S,2,0,,1610612762,,,0,0,0,,0,,,0,h,JAZZ Timeout: Regular (Full 2 Short 0),Timeout,Regular,0,0
185,249,PT06M43.00S,2,1610612762,UTA,202324,Favors,D. Favors,0,0,0,,0,,,0,h,SUB: Gobert FOR Favors,Substitution,,0,0
186,250,PT06M43.00S,2,1610612762,UTA,202327,Udoh,E. Udoh,0,0,0,,0,,,0,h,SUB: Jerebko FOR Udoh,Substitution,,0,0
187,251,PT06M31.00S,2,1610612757,POR,203468,McCollum,C. McCollum,124,211,24,Made,1,29,26,55,v,McCollum 24' 3PT Pullup Jump Shot (6 PTS),Made Shot,Pullup Jump shot,1,0
188,252,PT06M16.00S,2,1610612762,UTA,203497,Gobert,R. Gobert,20,35,4,Made,1,31,26,57,h,Gobert 4' Dunk (5 PTS) (Ingles 4 AST),Made Shot,Dunk Shot,1,0
189,254,PT05M54.00S,2,1610612757,POR,202329,Aminu,A. Aminu,199,101,22,Missed,1,,,0,v,MISS Aminu 22' Jump Shot,Missed Shot,Jump Shot,1,0
190,255,PT05M52.00S,2,1610612762,UTA,1628378,Mitchell,D. Mitchell,0,0,0,,0,,,0,h,Mitchell REBOUND (Off:0 Def:2),Rebound,Unknown,1,0
191,256,PT05M36.00S,2,1610612762,UTA,203497,Gobert,R. Gobert,27,15,3,Missed,1,,,0,h,MISS Gobert 3' Cutting Layup Shot,Missed Shot,Cutting Layup Shot,1,0
192,257,PT05M34.00S,2,1610612762,UTA,204060,Ingles,J. Ingles,0,0,0,,0,,,0,h,Ingles REBOUND (Off:1 Def:2),Rebound,Unknown,1,0
193,258,PT05M21.00S,2,1610612762,UTA,202692,Burks,A. Burks,51,75,9,Missed,1,,,0,h,MISS Burks 9' Hook Shot,Missed Shot,Hook Shot,1,0
194,259,PT05M19.00S,2,1610612762,UTA,203497,Gobert,R. Gobert,0,0,0,,0,,,0,h,Gobert REBOUND (Off:1 Def:4),Rebound,Unknown,1,0
195,260,PT05M17.00S,2,1610612762,UTA,203497,Gobert,R. Gobert,23,34,4,Missed,1,,,0,h,MISS Gobert 4' Layup,Missed Shot,Layup Shot,1,0
196,261,PT05M17.00S,2,1610612757,POR,202329,Aminu,A. Aminu,0,0,0,,0,,,0,v,Aminu REBOUND (Off:0 Def:2),Rebound,Unknown,1,0
197,262,PT05M12.00S,2,1610612757,POR,203081,Lillard,D. Lillard,-229,92,25,Missed,1,,,0,v,MISS Lillard 25' 3PT Jump Shot,Missed Shot,Jump Shot,1,0
198,263,PT05M08.00S,2,1610612762,UTA,201973,Jerebko,J. Jerebko,0,0,0,,0,,,0,h,Jerebko REBOUND (Off:0 Def:2),Rebound,Unknown,1,0
199,264,PT04M54.00S,2,1610612762,UTA,204060,Ingles,J. Ingles,-116,135,18,Missed,1,,,0,h,MISS Ingles 18' Step Back Jump Shot,Missed Shot,Step Back Jump shot,1,0
200,265,PT04M49.00S,2,1610612757,POR,203468,McCollum,C. McCollum,0,0,0,,0,,,0,v,McCollum REBOUND (Off:0 Def:5),Rebound,Unknown,1,0
201,266,PT04M41.00S,2,1610612757,POR,203468,McCollum,C. McCollum,141,36,15,Missed,1,,,0,v,MISS McCollum 15' Step Back Jump Shot,Missed Shot,Step Back Jump shot,1,0
202,267,PT04M36.00S,2,1610612762,UTA,201973,Jerebko,J. Jerebko,0,0,0,,0,,,0,h,Jerebko REBOUND (Off:0 Def:3),Rebound,Unknown,1,0
203,268,PT04M34.00S,2,1610612757,POR,203090,Harkless,M. Harkless,0,0,0,,0,,,0,v,Harkless P.FOUL (P3.PN) (J.Goble),Foul,Personal,1,0
204,270,PT04M34.00S,2,1610612762,UTA,201973,Jerebko,J. Jerebko,0,0,0,,0,32,26,58,h,Jerebko Free Throw 1 of 2 (4 PTS),Free Throw,Free Throw 1 of 2,0,0
205,274,PT04M34.00S,2,1610612757,POR,203090,Harkless,M. Harkless,0,0,0,,0,,,0,v,SUB: Davis FOR Harkless,Substitution,,0,0
206,283,PT04M34.00S,2,1610612757,POR,203994,Nurkic,J. Nurkic,0,0,0,,0,,,0,v,SUB: Turner FOR Nurkic,Substitution,,0,0
207,275,PT04M34.00S,2,1610612762,UTA,201973,Jerebko,J. Jerebko,0,0,0,,0,33,26,59,h,Jerebko Free Throw 2 of 2 (5 PTS),Free Throw,Free Throw 2 of 2,0,0
208,276,PT04M19.00S,2,1610612757,POR,202323,Turner,E. Turner,-57,141,15,Missed,1,,,0,v,MISS Turner 15' Step Back Jump Shot,Missed Shot,Step Back Jump shot,1,0
209,277,PT04M17.00S,2,1610612757,POR,202329,Aminu,A. Aminu,0,0,0,,0,,,0,v,Aminu REBOUND (Off:1 Def:2),Rebound,Unknown,1,0
210,278,PT04M15.00S,2,1610612757,POR,202329,Aminu,A. Aminu,-1,59,6,Missed,1,,,0,v,MISS Aminu 6' Jump Shot,Missed Shot,Jump Shot,1,0
211,278,PT04M15.00S,2,1610612762,UTA,203497,Gobert,R. Gobert,0,0,0,,0,,,0,h,Gobert BLOCK (1 BLK),,,1,0
212,280,PT04M15.00S,2,1610612757,POR,202329,Aminu,A. Aminu,0,0,0,,0,,,0,v,Aminu REBOUND (Off:2 Def:2),Rebound,Unknown,1,0
213,281,PT04M15.00S,2,1610612762,UTA,201973,Jerebko,J. Jerebko,0,0,0,,0,,,0,h,Jerebko S.FOUL (P1.T3) (A.Smith),Foul,Shooting,1,0
214,284,PT04M15.00S,2,1610612757,POR,202329,Aminu,A. Aminu,0,0,0,,0,33,27,60,v,Aminu Free Throw 1 of 2 (1 PTS),Free Throw,Free Throw 1 of 2,0,0
215,286,PT04M15.00S,2,1610612762,UTA,202692,Burks,A. Burks,0,0,0,,0,,,0,h,SUB: Rubio FOR Burks,Substitution,,0,0
216,287,PT04M15.00S,2,1610612757,POR,202329,Aminu,A. Aminu,0,0,0,,0,,,0,v,MISS Aminu Free Throw 2 of 2,Free Throw,Free Throw 2 of 2,0,0
217,288,PT04M12.00S,2,1610612762,UTA,1628378,Mitchell,D. Mitchell,0,0,0,,0,,,0,h,Mitchell REBOUND (Off:0 Def:3),Rebound,Unknown,1,0
218,289,PT04M01.00S,2,1610612757,POR,202334,Davis,E. Davis,0,0,0,,0,,,0,v,Davis P.FOUL (P1.PN) (A.Smith),Foul,Personal,1,0
219,291,PT04M01.00S,2,1610612762,UTA,1628378,Mitchell,D. Mitchell,0,0,0,,0,34,27,61,h,Mitchell Free Throw 1 of 2 (11 PTS),Free Throw,Free Throw 1 of 2,0,0
220,292,PT04M01.00S,2,1610612762,UTA,1628378,Mitchell,D. Mitchell,0,0,0,,0,35,27,62,h,Mitchell Free Throw 2 of 2 (12 PTS),Free Throw,Free Throw 2 of 2,0,0
221,293,PT03M50.00S,2,1610612757,POR,203081,Lillard,D. Lillard,168,6,17,Made,1,35,29,64,v,Lillard 17' Step Back Jump Shot (10 PTS),Made Shot,Step Back Jump shot,1,0
222,294,PT03M36.00S,2,1610612762,UTA,204060,Ingles,J. Ingles,0,0,0,,0,,,0,h,Ingles Bad Pass Turnover (P2.T6),Turnover,Bad Pass,1,0
223,294,PT03M36.00S,2,1610612757,POR,202323,Turner,E. Turner,0,0,0,,0,,,0,v,Turner STEAL (1 STL),,,1,0
224,296,PT03M34.00S,2,1610612762,UTA,201937,Rubio,R. Rubio,0,0,0,,0,,,0,h,Rubio P.FOUL (P2.T4) (T.Ford),Foul,Personal,1,0
225,299,PT03M34.00S,2,1610612762,UTA,201973,Jerebko,J. Jerebko,0,0,0,,0,,,0,h,SUB: Favors FOR Jerebko,Substitution,,0,0
226,300,PT03M13.00S,2,1610612757,POR,202329,Aminu,A. Aminu,-130,218,25,Made,1,35,32,67,v,Aminu 25' 3PT Jump Shot (4 PTS),Made Shot,Jump Shot,1,0
227,301,PT02M55.00S,2,1610612762,UTA,204060,Ingles,J. Ingles,0,0,0,,0,,,0,h,Ingles Lost Ball Turnover (P3.T7),Turnover,Lost Ball,1,0
228,301,PT02M55.00S,2,1610612757,POR,202323,Turner,E. Turner,0,0,0,,0,,,0,v,Turner STEAL (2 STL),,,1,0
229,303,PT02M52.00S,2,1610612762,UTA,202324,Favors,D. Favors,0,0,0,,0,,,0,h,Favors S.FOUL (P2.PN) (A.Smith),Foul,Shooting,1,0
230,305,PT02M52.00S,2,0,,1610612757,,,0,0,0,,0,,,0,v,Trail Blazers Timeout: Regular (Reg.2 Short 0),Timeout,Regular,0,0
231,306,PT02M52.00S,2,1610612757,POR,202334,Davis,E. Davis,0,0,0,,0,35,33,68,v,Davis Free Throw 1 of 2 (3 PTS),Free Throw,Free Throw 1 of 2,0,0
232,307,PT02M52.00S,2,1610612757,POR,202334,Davis,E. Davis,0,0,0,,0,35,34,69,v,Davis Free Throw 2 of 2 (4 PTS),Free Throw,Free Throw 2 of 2,0,0
233,308,PT02M40.00S,2,1610612762,UTA,1628378,Mitchell,D. Mitchell,-114,141,18,Missed,1,,,0,h,MISS Mitchell 18' Floating Jump Shot,Missed Shot,Floating Jump shot,1,0
234,309,PT02M38.00S,2,1610612757,POR,202323,Turner,E. Turner,0,0,0,,0,,,0,v,Turner REBOUND (Off:0 Def:3),Rebound,Unknown,1,0
235,310,PT02M33.00S,2,1610612757,POR,202323,Turner,E. Turner,82,142,16,Made,1,35,36,71,v,Turner 16' Jump Shot (2 PTS),Made Shot,Jump Shot,1,0
236,311,PT02M12.00S,2,1610612762,UTA,1628378,Mitchell,D. Mitchell,-111,220,25,Missed,1,,,0,h,MISS Mitchell 25' 3PT Pullup Jump Shot,Missed Shot,Pullup Jump shot,1,0
237,312,PT02M09.00S,2,1610612757,POR,203468,McCollum,C. McCollum,0,0,0,,0,,,0,v,McCollum REBOUND (Off:0 Def:6),Rebound,Unknown,1,0
238,313,PT01M56.00S,2,1610612757,POR,203468,McCollum,C. McCollum,107,226,25,Missed,1,,,0,v,MISS McCollum 25' 3PT Pullup Jump Shot,Missed Shot,Pullup Jump shot,1,0
239,314,PT01M53.00S,2,1610612757,POR,202334,Davis,E. Davis,0,0,0,,0,,,0,v,Davis REBOUND (Off:1 Def:0),Rebound,Unknown,1,0
240,315,PT01M43.00S,2,1610612757,POR,202334,Davis,E. Davis,0,0,0,,0,,,0,v,Davis OFF.Foul (P2) (T.Ford),Foul,Offensive,1,0
241,317,PT01M43.00S,2,1610612757,POR,202334,Davis,E. Davis,0,0,0,,0,,,0,v,Davis Offensive Foul Turnover (P1.T10),Turnover,Offensive Foul Turnover,1,0
242,318,PT01M43.00S,2,1610612757,POR,203081,Lillard,D. Lillard,0,0,0,,0,,,0,v,Lillard T.FOUL (P0.PN) (A.Smith),Foul,Technical,0,0
243,319,PT01M43.00S,2,1610612762,UTA,201937,Rubio,R. Rubio,0,0,0,,0,36,36,72,h,Rubio Free Throw Technical (3 PTS),Free Throw,Free Throw Technical,0,0
244,321,PT01M43.00S,2,1610612762,UTA,1628378,Mitchell,D. Mitchell,0,0,0,,0,,,0,h,SUB: Hood FOR Mitchell,Substitution,,0,0
245,322,PT01M30.00S,2,1610612762,UTA,203918,Hood,R. Hood,0,0,0,,0,,,0,h,Hood Traveling Turnover (P1.T8),Turnover,Traveling,1,0
246,323,PT01M13.00S,2,1610612757,POR,203081,Lillard,D. Lillard,105,112,15,Missed,1,,,0,v,MISS Lillard 15' Step Back Jump Shot,Missed Shot,Step Back Jump shot,1,0
247,324,PT01M11.00S,2,1610612762,UTA,203497,Gobert,R. Gobert,0,0,0,,0,,,0,h,Gobert REBOUND (Off:1 Def:5),Rebound,Unknown,1,0
248,325,PT01M11.00S,2,1610612757,POR,202329,Aminu,A. Aminu,0,0,0,,0,,,0,v,Aminu P.FOUL (P1.PN) (J.Goble),Foul,Personal,1,0
249,327,PT01M11.00S,2,1610612762,UTA,203497,Gobert,R. Gobert,0,0,0,,0,,,0,h,MISS Gobert Free Throw 1 of 2,Free Throw,Free Throw 1 of 2,0,0
250,328,PT01M11.00S,2,0,,1610612762,,,0,0,0,,0,,,0,h,JAZZ Rebound,Rebound,Normal Rebound,0,0
251,329,PT01M11.00S,2,1610612762,UTA,203497,Gobert,R. Gobert,0,0,0,,0,37,36,73,h,Gobert Free Throw 2 of 2 (6 PTS),Free Throw,Free Throw 2 of 2,0,0
252,330,PT01M00.00S,2,1610612757,POR,203468,McCollum,C. McCollum,89,173,19,Missed,1,,,0,v,MISS McCollum 19' Pullup Jump Shot,Missed Shot,Pullup Jump shot,1,0
253,331,PT00M59.70S,2,0,,1610612762,,,0,0,0,,0,,,0,h,JAZZ Rebound,Rebound,Unknown,0,0
254,332,PT00M51.50S,2,1610612762,UTA,201937,Rubio,R. Rubio,22,253,25,Missed,1,,,0,h,MISS Rubio 25' 3PT Jump Shot,Missed Shot,Jump Shot,1,0
255,333,PT00M50.50S,2,0,,1610612762,,,0,0,0,,0,,,0,h,JAZZ Rebound,Rebound,Unknown,0,0
256,334,PT00M50.50S,2,1610612757,POR,202334,Davis,E. Davis,0,0,0,,0,,,0,v,Davis L.B.FOUL (P3.PN) (A.Smith),Foul,Loose Ball,1,0
257,336,PT00M50.50S,2,1610612762,UTA,203497,Gobert,R. Gobert,0,0,0,,0,38,36,74,h,Gobert Free Throw 1 of 2 (7 PTS),Free Throw,Free Throw 1 of 2,0,0
258,338,PT00M50.50S,2,1610612757,POR,202334,Davis,E. Davis,0,0,0,,0,,,0,v,SUB: Nurkic FOR Davis,Substitution,,0,0
259,339,PT00M50.50S,2,1610612762,UTA,203497,Gobert,R. Gobert,0,0,0,,0,39,36,75,h,Gobert Free Throw 2 of 2 (8 PTS),Free Throw,Free Throw 2 of 2,0,0
260,340,PT00M31.70S,2,1610612757,POR,203081,Lillard,D. Lillard,8,7,1,Made,1,39,38,77,v,Lillard 1' Driving Reverse Layup (12 PTS),Made Shot,Driving Reverse Layup Shot,1,0
261,341,PT00M10.80S,2,1610612762,UTA,204060,Ingles,J. Ingles,-55,255,26,Missed,1,,,0,h,MISS Ingles 26' 3PT Jump Shot,Missed Shot,Jump Shot,1,0
262,342,PT00M07.00S,2,1610612757,POR,203994,Nurkic,J. Nurkic,0,0,0,,0,,,0,v,Nurkic REBOUND (Off:1 Def:6),Rebound,Unknown,1,0
263,343,PT00M02.40S,2,1610612762,UTA,204060,Ingles,J. Ingles,0,0,0,,0,,,0,h,Ingles S.FOUL (P2.PN) (J.Goble),Foul,Shooting,1,0
264,345,PT00M02.40S,2,1610612757,POR,203468,McCollum,C. McCollum,0,0,0,,0,,,0,v,MISS McCollum Free Throw 1 of 2,Free Throw,Free Throw 1 of 2,0,0
265,346,PT00M02.40S,2,0,,1610612757,,,0,0,0,,0,,,0,v,Trail Blazers Rebound,Rebound,Normal Rebound,0,0
266,348,PT00M02.40S,2,1610612757,POR,202329,Aminu,A. Aminu,0,0,0,,0,,,0,v,SUB: Vonleh FOR Aminu,Substitution,,0,0
267,349,PT00M02.40S,2,1610612757,POR,203468,McCollum,C. McCollum,0,0,0,,0,39,39,78,v,McCollum Free Throw 2 of 2 (7 PTS),Free Throw,Free Throw 2 of 2,0,0
268,350,PT00M00.00S,2,0,,0,,,0,0,0,,0,39,39,78,,End of 2nd Period (10:08 PM EST),period,end,1,0
269,358,PT12M00.00S,3,0,,0,,,0,0,0,,0,39,39,78,,Start of 3rd Period (10:23 PM EST),period,start,0,0
270,359,PT11M45.00S,3,1610612757,POR,203994,Nurkic,J. Nurkic,14,15,2,Made,1,39,41,80,v,Nurkic 2' Layup (9 PTS) (Lillard 3 AST),Made Shot,Layup Shot,1,0
271,361,PT11M25.00S,3,1610612762,UTA,201937,Rubio,R. Rubio,135,146,20,Made,1,41,41,82,h,Rubio 20' Jump Shot (5 PTS),Made Shot,Jump Shot,1,0
272,362,PT11M07.00S,3,1610612757,POR,202329,Aminu,A. Aminu,166,190,25,Missed,1,,,0,v,MISS Aminu 25' 3PT Jump Shot,Missed Shot,Jump Shot,1,0
273,363,PT11M04.00S,3,1610612762,UTA,203918,Hood,R. Hood,0,0,0,,0,,,0,h,Hood REBOUND (Off:0 Def:2),Rebound,Unknown,1,0
274,364,PT10M58.00S,3,1610612762,UTA,203918,Hood,R. Hood,26,21,3,Missed,1,,,0,h,MISS Hood 3' Jump Bank Shot,Missed Shot,Jump Bank Shot,1,0
275,365,PT10M56.00S,3,1610612762,UTA,202324,Favors,D. Favors,0,0,0,,0,,,0,h,Favors REBOUND (Off:3 Def:1),Rebound,Unknown,1,0
276,366,PT10M55.00S,3,1610612762,UTA,202324,Favors,D. Favors,-24,17,3,Made,1,43,41,84,h,Favors 3' Hook Shot (3 PTS),Made Shot,Hook Shot,1,0
277,367,PT10M35.00S,3,1610612757,POR,202329,Aminu,A. Aminu,226,43,0,Made,1,43,44,87,v,Aminu 3PT Jump Shot (7 PTS) (Lillard 4 AST),Made Shot,Jump Shot,1,0
278,369,PT10M23.00S,3,1610612762,UTA,203918,Hood,R. Hood,-24,16,3,Missed,1,,,0,h,MISS Hood 3' Driving Layup,Missed Shot,Driving Layup Shot,1,0
279,369,PT10M23.00S,3,1610612757,POR,203994,Nurkic,J. Nurkic,0,0,0,,0,,,0,v,Nurkic BLOCK (2 BLK),,,1,0
280,370,PT10M23.00S,3,0,,1610612762,,,0,0,0,,0,,,0,h,JAZZ Rebound,Rebound,Unknown,1,0
281,373,PT10M16.00S,3,1610612757,POR,203081,Lillard,D. Lillard,0,0,0,,0,,,0,v,Lillard S.FOUL (P1.T1) (A.Smith),Foul,Shooting,1,0
282,375,PT10M16.00S,3,1610612762,UTA,201937,Rubio,R. Rubio,0,0,0,,0,44,44,88,h,Rubio Free Throw 1 of 2 (6 PTS),Free Throw,Free Throw 1 of 2,0,0
283,376,PT10M16.00S,3,1610612762,UTA,201937,Rubio,R. Rubio,0,0,0,,0,45,44,89,h,Rubio Free Throw 2 of 2 (7 PTS),Free Throw,Free Throw 2 of 2,0,0
284,377,PT10M03.00S,3,1610612757,POR,203081,Lillard,D. Lillard,-74,250,26,Made,1,45,47,92,v,Lillard 26' 3PT Pullup Jump Shot (15 PTS),Made Shot,Pullup Jump shot,1,0
285,378,PT09M45.00S,3,1610612762,UTA,203497,Gobert,R. Gobert,15,13,2,Made,1,47,47,94,h,Gobert 2' Layup (10 PTS),Made Shot,Layup Shot,1,0
286,379,PT09M36.00S,3,1610612757,POR,203081,Lillard,D. Lillard,221,119,25,Missed,1,,,0,v,MISS Lillard 25' 3PT Jump Shot,Missed Shot,Jump Shot,1,0
287,379,PT09M36.00S,3,1610612762,UTA,204060,Ingles,J. Ingles,0,0,0,,0,,,0,h,Ingles BLOCK (2 BLK),,,1,0
288,381,PT09M32.00S,3,1610612757,POR,202329,Aminu,A. Aminu,0,0,0,,0,,,0,v,Aminu REBOUND (Off:3 Def:2),Rebound,Unknown,1,0
289,382,PT09M29.00S,3,1610612757,POR,203090,Harkless,M. Harkless,-228,0,0,Missed,1,,,0,v,MISS Harkless 3PT Jump Shot,Missed Shot,Jump Shot,1,0
290,383,PT09M26.00S,3,1610612762,UTA,202324,Favors,D. Favors,0,0,0,,0,,,0,h,Favors REBOUND (Off:3 Def:2),Rebound,Unknown,1,0
291,384,PT09M22.00S,3,1610612762,UTA,203497,Gobert,R. Gobert,0,0,0,,0,,,0,h,Gobert Out of Bounds - Bad Pass Turnover Turnover (P2.T9),Turnover,Out of Bounds - Bad Pass Turnover,1,0
292,385,PT09M03.00S,3,1610612757,POR,202329,Aminu,A. Aminu,30,271,27,Missed,1,,,0,v,MISS Aminu 27' 3PT Jump Shot,Missed Shot,Jump Shot,1,0
293,386,PT09M00.00S,3,1610612762,UTA,203497,Gobert,R. Gobert,0,0,0,,0,,,0,h,Gobert REBOUND (Off:1 Def:6),Rebound,Unknown,1,0
294,387,PT08M48.00S,3,1610612762,UTA,201937,Rubio,R. Rubio,-192,26,19,Missed,1,,,0,h,MISS Rubio 19' Pullup Jump Shot,Missed Shot,Pullup Jump shot,1,0
295,388,PT08M44.00S,3,1610612757,POR,203468,McCollum,C. McCollum,0,0,0,,0,,,0,v,McCollum REBOUND (Off:0 Def:7),Rebound,Unknown,1,0
296,389,PT08M28.00S,3,1610612762,UTA,202324,Favors,D. Favors,0,0,0,,0,,,0,h,Favors S.FOUL (P3.T1) (A.Smith),Foul,Shooting,1,0
297,391,PT08M28.00S,3,1610612757,POR,202329,Aminu,A. Aminu,0,0,0,,0,47,48,95,v,Aminu Free Throw 1 of 2 (8 PTS),Free Throw,Free Throw 1 of 2,0,0
298,392,PT08M28.00S,3,1610612757,POR,202329,Aminu,A. Aminu,0,0,0,,0,,,0,v,MISS Aminu Free Throw 2 of 2,Free Throw,Free Throw 2 of 2,0,0
299,393,PT08M25.00S,3,1610612757,POR,203994,Nurkic,J. Nurkic,0,0,0,,0,,,0,v,Nurkic REBOUND (Off:2 Def:6),Rebound,Unknown,1,0
300,394,PT08M25.00S,3,1610612757,POR,203994,Nurkic,J. Nurkic,6,66,7,Made,1,47,50,97,v,Nurkic 7' Jump Shot (11 PTS),Made Shot,Jump Shot,1,0
301,395,PT08M07.00S,3,1610612762,UTA,203918,Hood,R. Hood,-49,178,18,Missed,1,,,0,h,MISS Hood 18' Pullup Jump Shot,Missed Shot,Pullup Jump shot,1,0
302,396,PT08M03.00S,3,1610612757,POR,203081,Lillard,D. Lillard,0,0,0,,0,,,0,v,Lillard REBOUND (Off:0 Def:4),Rebound,Unknown,1,0
303,398,PT08M00.00S,3,1610612757,POR,203081,Lillard,D. Lillard,0,0,0,,0,,,0,v,Lillard Out of Bounds - Bad Pass Turnover Turnover (P3.T11),Turnover,Out of Bounds - Bad Pass Turnover,1,0
304,400,PT07M50.00S,3,1610612762,UTA,201937,Rubio,R. Rubio,-131,70,15,Made,1,49,50,99,h,Rubio 15' Jump Bank Shot (9 PTS),Made Shot,Jump Bank Shot,1,0
305,401,PT07M38.00S,3,1610612757,POR,203468,McCollum,C. McCollum,-156,9,16,Made,1,49,52,101,v,McCollum 16' Step Back Jump Shot (9 PTS),Made Shot,Step Back Jump shot,1,0
306,402,PT07M23.00S,3,1610612762,UTA,203918,Hood,R. Hood,-169,199,26,Missed,1,,,0,h,MISS Hood 26' 3PT Jump Shot,Missed Shot,Jump Shot,1,0
307,403,PT07M21.00S,3,1610612757,POR,203081,Lillard,D. Lillard,0,0,0,,0,,,0,v,Lillard REBOUND (Off:0 Def:5),Rebound,Unknown,1,0
308,404,PT07M12.00S,3,1610612757,POR,203994,Nurkic,J. Nurkic,-136,177,22,Missed,1,,,0,v,MISS Nurkic 22' Jump Shot,Missed Shot,Jump Shot,1,0
309,405,PT07M10.00S,3,1610612757,POR,203081,Lillard,D. Lillard,0,0,0,,0,,,0,v,Lillard REBOUND (Off:1 Def:5),Rebound,Unknown,1,0
310,406,PT07M08.00S,3,1610612757,POR,203468,McCollum,C. McCollum,163,193,25,Missed,1,,,0,v,MISS McCollum 25' 3PT Jump Shot,Missed Shot,Jump Shot,1,0
311,407,PT07M05.00S,3,1610612762,UTA,203497,Gobert,R. Gobert,0,0,0,,0,,,0,h,Gobert REBOUND (Off:1 Def:7),Rebound,Unknown,1,0
312,408,PT06M57.00S,3,1610612762,UTA,202324,Favors,D. Favors,-16,4,2,Made,1,51,52,103,h,Favors 2' Dunk (5 PTS) (Hood 2 AST),Made Shot,Dunk Shot,1,0
313,410,PT06M43.00S,3,1610612762,UTA,203497,Gobert,R. Gobert,0,0,0,,0,,,0,h,Gobert S.FOUL (P2.T2) (J.Goble),Foul,Shooting,1,0
314,412,PT06M43.00S,3,0,,1610612762,,,0,0,0,,0,,,0,h,JAZZ Timeout: Regular (Full 3 Short 0),Timeout,Regular,0,0
315,414,PT06M43.00S,3,1610612762,UTA,201937,Rubio,R. Rubio,0,0,0,,0,,,0,h,SUB: Mitchell FOR Rubio,Substitution,,0,0
316,415,PT06M43.00S,3,1610612757,POR,203090,Harkless,M. Harkless,0,0,0,,0,51,53,104,v,Harkless Free Throw 1 of 2 (4 PTS),Free Throw,Free Throw 1 of 2,0,0
317,416,PT06M43.00S,3,1610612757,POR,203090,Harkless,M. Harkless,0,0,0,,0,51,54,105,v,Harkless Free Throw 2 of 2 (5 PTS),Free Throw,Free Throw 2 of 2,0,0
318,417,PT06M27.00S,3,1610612762,UTA,204060,Ingles,J. Ingles,-13,23,3,Made,1,53,54,107,h,Ingles 3' Driving Finger Roll Layup (5 PTS) (Mitchell 1 AST),Made Shot,Driving Finger Roll Layup Shot,1,0
319,419,PT06M07.00S,3,1610612757,POR,203994,Nurkic,J. Nurkic,-11,3,1,Made,1,53,56,109,v,Nurkic 1' Layup (13 PTS) (McCollum 2 AST),Made Shot,Layup Shot,1,0
320,421,PT05M52.00S,3,1610612762,UTA,204060,Ingles,J. Ingles,-82,65,10,Missed,1,,,0,h,MISS Ingles 10' Floating Jump Shot,Missed Shot,Floating Jump shot,1,0
321,421,PT05M52.00S,3,1610612757,POR,202329,Aminu,A. Aminu,0,0,0,,0,,,0,v,Aminu BLOCK (1 BLK),,,1,0
322,423,PT05M51.00S,3,1610612757,POR,202329,Aminu,A. Aminu,0,0,0,,0,,,0,v,Aminu REBOUND (Off:3 Def:3),Rebound,Unknown,1,0
323,425,PT05M51.00S,3,1610612762,UTA,1628378,Mitchell,D. Mitchell,0,0,0,,0,,,0,h,Mitchell P.FOUL (P2.T3) (J.Goble),Foul,Personal,1,0
324,428,PT05M51.00S,3,1610612762,UTA,203918,Hood,R. Hood,0,0,0,,0,,,0,h,SUB: Burks FOR Hood,Substitution,,0,0
325,429,PT05M39.00S,3,1610612757,POR,203994,Nurkic,J. Nurkic,2,26,3,Made,1,53,58,111,v,Nurkic 3' Dunk (15 PTS) (Lillard 5 AST),Made Shot,Dunk Shot,1,0
326,431,PT05M26.00S,3,1610612757,POR,203468,McCollum,C. McCollum,0,0,0,,0,,,0,v,McCollum P.FOUL (P1.T2) (A.Smith),Foul,Personal,1,0
327,434,PT05M26.00S,3,1610612762,UTA,202324,Favors,D. Favors,0,0,0,,0,,,0,h,SUB: Jerebko FOR Favors,Substitution,,0,0
328,435,PT05M22.00S,3,1610612762,UTA,204060,Ingles,J. Ingles,211,130,25,Missed,1,,,0,h,MISS Ingles 25' 3PT Jump Shot,Missed Shot,Jump Shot,1,0
329,436,PT05M18.00S,3,1610612757,POR,203468,McCollum,C. McCollum,0,0,0,,0,,,0,v,McCollum REBOUND (Off:0 Def:8),Rebound,Unknown,1,0
330,437,PT05M10.00S,3,1610612757,POR,203468,McCollum,C. McCollum,177,127,22,Missed,1,,,0,v,MISS McCollum 22' Pullup Jump Shot,Missed Shot,Pullup Jump shot,1,0
331,438,PT05M07.00S,3,1610612762,UTA,204060,Ingles,J. Ingles,0,0,0,,0,,,0,h,Ingles REBOUND (Off:1 Def:3),Rebound,Unknown,1,0
332,439,PT05M00.00S,3,1610612762,UTA,204060,Ingles,J. Ingles,18,12,2,Made,1,55,58,113,h,Ingles 2' Driving Layup (7 PTS),Made Shot,Driving Layup Shot,1,0
333,440,PT04M46.00S,3,1610612757,POR,203994,Nurkic,J. Nurkic,-147,158,22,Made,1,55,60,115,v,Nurkic 22' Jump Shot (17 PTS) (Lillard 6 AST),Made Shot,Jump Shot,1,0
334,442,PT04M23.00S,3,1610612757,POR,202329,Aminu,A. Aminu,0,0,0,,0,,,0,v,Aminu S.FOUL (P2.T3) (J.Goble),Foul,Shooting,1,0
335,444,PT04M23.00S,3,1610612762,UTA,1628378,Mitchell,D. Mitchell,0,0,0,,0,56,60,116,h,Mitchell Free Throw 1 of 2 (13 PTS),Free Throw,Free Throw 1 of 2,0,0
336,447,PT04M23.00S,3,1610612757,POR,203468,McCollum,C. McCollum,0,0,0,,0,,,0,v,SUB: Turner FOR McCollum,Substitution,,0,0
337,448,PT04M23.00S,3,1610612757,POR,202329,Aminu,A. Aminu,0,0,0,,0,,,0,v,SUB: Connaughton FOR Aminu,Substitution,,0,0
338,449,PT04M23.00S,3,1610612762,UTA,1628378,Mitchell,D. Mitchell,0,0,0,,0,57,60,117,h,Mitchell Free Throw 2 of 2 (14 PTS),Free Throw,Free Throw 2 of 2,0,0
339,450,PT04M00.00S,3,1610612757,POR,202323,Turner,E. Turner,68,92,11,Made,1,57,62,119,v,Turner 11' Turnaround Fadeaway (4 PTS),Made Shot,Turnaround Fadeaway shot,1,0
340,451,PT03M44.00S,3,1610612762,UTA,1628378,Mitchell,D. Mitchell,0,0,0,,0,,,0,h,Mitchell Traveling Turnover (P2.T10),Turnover,Traveling,1,0
341,453,PT03M44.00S,3,1610612762,UTA,204060,Ingles,J. Ingles,0,0,0,,0,,,0,h,SUB: Sefolosha FOR Ingles,Substitution,,0,0
342,460,PT03M32.00S,3,1610612757,POR,203994,Nurkic,J. Nurkic,3,56,6,Missed,1,,,0,v,MISS Nurkic 6' Layup,Missed Shot,Layup Shot,1,0
343,461,PT03M29.00S,3,1610612762,UTA,200757,Sefolosha,T. Sefolosha,0,0,0,,0,,,0,h,Sefolosha REBOUND (Off:0 Def:4),Rebound,Unknown,1,0
344,462,PT03M26.00S,3,1610612762,UTA,1628378,Mitchell,D. Mitchell,20,6,2,Made,1,59,62,121,h,Mitchell 2' Driving Layup (16 PTS),Made Shot,Driving Layup Shot,1,0
345,464,PT03M26.00S,3,1610612757,POR,203994,Nurkic,J. Nurkic,0,0,0,,0,,,0,v,Nurkic S.FOUL (P3.T4) (T.Ford),Foul,Shooting,1,0
346,468,PT03M26.00S,3,1610612762,UTA,203497,Gobert,R. Gobert,0,0,0,,0,,,0,h,SUB: Udoh FOR Gobert,Substitution,,0,0
347,469,PT03M26.00S,3,1610612757,POR,203994,Nurkic,J. Nurkic,0,0,0,,0,,,0,v,SUB: Davis FOR Nurkic,Substitution,,0,0
348,470,PT03M26.00S,3,1610612762,UTA,1628378,Mitchell,D. Mitchell,0,0,0,,0,,,0,h,MISS Mitchell Free Throw 1 of 1,Free Throw,Free Throw 1 of 1,0,0
349,471,PT03M22.00S,3,1610612757,POR,1626192,Connaughton,P. Connaughton,0,0,0,,0,,,0,v,Connaughton REBOUND (Off:0 Def:2),Rebound,Unknown,1,0
350,472,PT03M08.00S,3,1610612757,POR,203081,Lillard,D. Lillard,-217,110,24,Missed,1,,,0,v,MISS Lillard 24' 3PT Jump Shot,Missed Shot,Jump Shot,1,0
351,473,PT03M05.00S,3,1610612762,UTA,202692,Burks,A. Burks,0,0,0,,0,,,0,h,Burks REBOUND (Off:0 Def:1),Rebound,Unknown,1,0
352,474,PT02M52.00S,3,1610612762,UTA,200757,Sefolosha,T. Sefolosha,-235,64,24,Made,1,62,62,124,h,Sefolosha 24' 3PT Step Back Jump Shot (7 PTS),Made Shot,Step Back Jump shot,1,0
353,475,PT02M51.00S,3,0,,1610612757,,,0,0,0,,0,,,0,v,Trail Blazers Timeout: Regular (Reg.3 Short 0),Timeout,Regular,0,0
354,481,PT02M51.00S,3,1610612757,POR,203090,Harkless,M. Harkless,0,0,0,,0,,,0,v,SUB: Vonleh FOR Harkless,Substitution,,0,0
355,482,PT02M35.00S,3,1610612762,UTA,202327,Udoh,E. Udoh,0,0,0,,0,,,0,h,Udoh S.FOUL (P1.T4) (T.Ford),Foul,Shooting,1,0
356,488,PT02M35.00S,3,1610612757,POR,203943,Vonleh,N. Vonleh,0,0,0,,0,62,63,125,v,Vonleh Free Throw 1 of 2 (1 PTS),Free Throw,Free Throw 1 of 2,0,0
357,490,PT02M35.00S,3,1610612757,POR,203081,Lillard,D. Lillard,0,0,0,,0,,,0,v,SUB: McCollum FOR Lillard,Substitution,,0,0
358,491,PT02M35.00S,3,1610612757,POR,203943,Vonleh,N. Vonleh,0,0,0,,0,62,64,126,v,Vonleh Free Throw 2 of 2 (2 PTS),Free Throw,Free Throw 2 of 2,0,0
359,492,PT02M23.00S,3,1610612762,UTA,1628378,Mitchell,D. Mitchell,133,209,25,Missed,1,,,0,h,MISS Mitchell 25' 3PT Jump Shot,Missed Shot,Jump Shot,1,0
360,493,PT02M20.00S,3,1610612757,POR,203468,McCollum,C. McCollum,0,0,0,,0,,,0,v,McCollum REBOUND (Off:0 Def:9),Rebound,Unknown,1,0
361,494,PT02M11.00S,3,1610612762,UTA,201973,Jerebko,J. Jerebko,0,0,0,,0,,,0,h,Jerebko Shooting Block Foul (P2.PN) (T.Ford),Foul,Shooting Block,1,0
362,496,PT02M11.00S,3,1610612757,POR,1626192,Connaughton,P. Connaughton,0,0,0,,0,62,65,127,v,Connaughton Free Throw 1 of 2 (1 PTS),Free Throw,Free Throw 1 of 2,0,0
363,497,PT02M11.00S,3,1610612757,POR,1626192,Connaughton,P. Connaughton,0,0,0,,0,62,66,128,v,Connaughton Free Throw 2 of 2 (2 PTS),Free Throw,Free Throw 2 of 2,0,0
364,498,PT02M02.00S,3,1610612762,UTA,202327,Udoh,E. Udoh,14,22,3,Missed,1,,,0,h,MISS Udoh 3' Layup,Missed Shot,Layup Shot,1,0
365,498,PT02M02.00S,3,1610612757,POR,202334,Davis,E. Davis,0,0,0,,0,,,0,v,Davis BLOCK (1 BLK),,,1,0
366,500,PT01M59.00S,3,1610612757,POR,203468,McCollum,C. McCollum,0,0,0,,0,,,0,v,McCollum REBOUND (Off:0 Def:10),Rebound,Unknown,1,0
367,501,PT01M52.00S,3,1610612762,UTA,202692,Burks,A. Burks,0,0,0,,0,,,0,h,Burks S.FOUL (P1.PN) (A.Smith),Foul,Shooting,1,0
368,503,PT01M52.00S,3,1610612757,POR,202334,Davis,E. Davis,0,0,0,,0,62,67,129,v,Davis Free Throw 1 of 2 (5 PTS),Free Throw,Free Throw 1 of 2,0,0
369,504,PT01M52.00S,3,1610612757,POR,202334,Davis,E. Davis,0,0,0,,0,,,0,v,MISS Davis Free Throw 2 of 2,Free Throw,Free Throw 2 of 2,0,0
370,505,PT01M50.00S,3,1610612762,UTA,200757,Sefolosha,T. Sefolosha,0,0,0,,0,,,0,h,Sefolosha REBOUND (Off:0 Def:5),Rebound,Unknown,1,0
371,506,PT01M42.00S,3,1610612762,UTA,1628378,Mitchell,D. Mitchell,20,25,3,Missed,1,,,0,h,MISS Mitchell 3' Jump Shot,Missed Shot,Jump Shot,1,0
372,507,PT01M39.00S,3,1610612757,POR,202323,Turner,E. Turner,0,0,0,,0,,,0,v,Turner REBOUND (Off:0 Def:4),Rebound,Unknown,1,0
373,508,PT01M24.00S,3,1610612757,POR,202334,Davis,E. Davis,-9,5,1,Made,1,62,69,131,v,Davis 1' Layup (7 PTS) (Connaughton 2 AST),Made Shot,Layup Shot,1,0
374,510,PT00M58.20S,3,1610612762,UTA,200757,Sefolosha,T. Sefolosha,128,6,13,Missed,1,,,0,h,MISS Sefolosha 13' Turnaround Fadeaway Shot,Missed Shot,Turnaround Fadeaway shot,1,0
375,511,PT00M56.50S,3,1610612757,POR,202334,Davis,E. Davis,0,0,0,,0,,,0,v,Davis REBOUND (Off:1 Def:1),Rebound,Unknown,1,0
376,512,PT00M35.40S,3,1610612757,POR,203468,McCollum,C. McCollum,0,0,0,,0,,,0,v,McCollum Lost Ball Turnover (P3.T12),Turnover,Lost Ball,1,0
377,512,PT00M35.40S,3,1610612762,UTA,202692,Burks,A. Burks,0,0,0,,0,,,0,h,Burks STEAL (1 STL),,,1,0
378,516,PT00M19.20S,3,1610612762,UTA,202692,Burks,A. Burks,0,0,0,,0,,,0,h,SUB: Rubio FOR Burks,Substitution,,0,0
379,517,PT00M14.10S,3,1610612762,UTA,200757,Sefolosha,T. Sefolosha,-44,113,12,Made,1,64,69,133,h,Sefolosha 12' Pullup Jump Shot (9 PTS) (Jerebko 1 AST),Made Shot,Pullup Jump shot,1,0
380,519,PT00M00.10S,3,1610612757,POR,203468,McCollum,C. McCollum,12,36,4,Missed,1,,,0,v,MISS McCollum 4' Floating Jump Shot,Missed Shot,Floating Jump shot,1,0
381,520,PT00M00.10S,3,1610612762,UTA,201973,Jerebko,J. Jerebko,0,0,0,,0,,,0,h,Jerebko REBOUND (Off:0 Def:4),Rebound,Unknown,1,0
382,521,PT00M00.00S,3,0,,0,,,0,0,0,,0,64,69,133,,End of 3rd Period (10:50 PM EST),period,end,1,0
383,530,PT12M00.00S,4,0,,0,,,0,0,0,,0,64,69,133,,Start of 4th Period (10:53 PM EST),period,start,0,0
384,531,PT11M48.00S,4,1610612762,UTA,201937,Rubio,R. Rubio,-55,116,13,Made,1,66,69,135,h,Rubio 13' Floating Jump Shot (11 PTS),Made Shot,Floating Jump shot,1,0
385,532,PT11M29.00S,4,1610612757,POR,203943,Vonleh,N. Vonleh,-6,15,2,Made,1,66,71,137,v,Vonleh 2' Dunk (4 PTS) (Connaughton 3 AST),Made Shot,Dunk Shot,1,0
386,534,PT11M29.00S,4,1610612762,UTA,201937,Rubio,R. Rubio,0,0,0,,0,,,0,h,Rubio S.FOUL (P3.T1) (A.Smith),Foul,Shooting,1,0
387,537,PT11M29.00S,4,1610612762,UTA,202327,Udoh,E. Udoh,0,0,0,,0,,,0,h,SUB: Favors FOR Udoh,Substitution,,0,0
388,538,PT11M29.00S,4,1610612757,POR,203943,Vonleh,N. Vonleh,0,0,0,,0,66,72,138,v,Vonleh Free Throw 1 of 1 (5 PTS),Free Throw,Free Throw 1 of 1,0,0
389,539,PT11M09.00S,4,1610612762,UTA,203918,Hood,R. Hood,40,201,20,Missed,1,,,0,h,MISS Hood 20' Pullup Jump Shot,Missed Shot,Pullup Jump shot,1,0
390,540,PT11M05.00S,4,1610612757,POR,1626192,Connaughton,P. Connaughton,0,0,0,,0,,,0,v,Connaughton REBOUND (Off:0 Def:3),Rebound,Unknown,1,0
391,541,PT10M58.00S,4,1610612757,POR,203468,McCollum,C. McCollum,-227,53,0,Missed,1,,,0,v,MISS McCollum 3PT Jump Shot,Missed Shot,Jump Shot,1,0
392,542,PT10M53.00S,4,1610612762,UTA,200757,Sefolosha,T. Sefolosha,0,0,0,,0,,,0,h,Sefolosha REBOUND (Off:0 Def:6),Rebound,Unknown,1,0
393,543,PT10M45.00S,4,1610612762,UTA,201937,Rubio,R. Rubio,-35,33,5,Missed,1,,,0,h,MISS Rubio 5' Jump Shot,Missed Shot,Jump Shot,1,0
394,543,PT10M45.00S,4,1610612757,POR,202334,Davis,E. Davis,0,0,0,,0,,,0,v,Davis BLOCK (2 BLK),,,1,0
395,545,PT10M43.00S,4,1610612757,POR,202334,Davis,E. Davis,0,0,0,,0,,,0,v,Davis REBOUND (Off:1 Def:2),Rebound,Unknown,1,0
396,548,PT10M33.00S,4,1610612762,UTA,203918,Hood,R. Hood,0,0,0,,0,,,0,h,SUB: Mitchell FOR Hood,Substitution,,0,0
397,549,PT10M28.00S,4,1610612757,POR,203468,McCollum,C. McCollum,0,0,0,,0,,,0,v,McCollum Bad Pass Turnover (P4.T13),Turnover,Bad Pass,1,0
398,549,PT10M28.00S,4,1610612762,UTA,201937,Rubio,R. Rubio,0,0,0,,0,,,0,h,Rubio STEAL (2 STL),,,1,0
399,551,PT10M25.00S,4,1610612757,POR,1626192,Connaughton,P. Connaughton,0,0,0,,0,,,0,v,Connaughton S.FOUL (P2.T1) (A.Smith),Foul,Shooting,1,0
400,553,PT10M25.00S,4,1610612762,UTA,201937,Rubio,R. Rubio,0,0,0,,0,67,72,139,h,Rubio Free Throw 1 of 2 (12 PTS),Free Throw,Free Throw 1 of 2,0,0
401,554,PT10M25.00S,4,1610612762,UTA,201937,Rubio,R. Rubio,0,0,0,,0,68,72,140,h,Rubio Free Throw 2 of 2 (13 PTS),Free Throw,Free Throw 2 of 2,0,0
402,555,PT10M13.00S,4,1610612757,POR,203468,McCollum,C. McCollum,-179,50,19,Missed,1,,,0,v,MISS McCollum 19' Jump Shot,Missed Shot,Jump Shot,1,0
403,556,PT10M10.00S,4,1610612762,UTA,201973,Jerebko,J. Jerebko,0,0,0,,0,,,0,h,Jerebko REBOUND (Off:0 Def:5),Rebound,Unknown,1,0
404,557,PT09M56.00S,4,1610612762,UTA,1628378,Mitchell,D. Mitchell,-161,247,29,Made,1,71,72,143,h,Mitchell 29' 3PT Jump Shot (19 PTS) (Rubio 1 AST),Made Shot,Jump Shot,1,0
405,559,PT09M34.00S,4,1610612757,POR,202334,Davis,E. Davis,-21,26,3,Missed,1,,,0,v,MISS Davis 3' Layup,Missed Shot,Layup Shot,1,0
406,560,PT09M33.00S,4,1610612762,UTA,201973,Jerebko,J. Jerebko,0,0,0,,0,,,0,h,Jerebko REBOUND (Off:0 Def:6),Rebound,Unknown,1,0
407,561,PT09M29.00S,4,1610612762,UTA,201937,Rubio,R. Rubio,123,221,25,Made,1,74,72,146,h,Rubio 25' 3PT Jump Shot (16 PTS) (Jerebko 2 AST),Made Shot,Jump Shot,1,0
408,562,PT09M28.00S,4,0,,1610612757,,,0,0,0,,0,,,0,v,Trail Blazers Timeout: Regular (Reg.4 Short 0),Timeout,Regular,0,0
409,566,PT09M28.00S,4,1610612757,POR,203468,McCollum,C. McCollum,0,0,0,,0,,,0,v,SUB: Lillard FOR McCollum,Substitution,,0,0
410,567,PT09M28.00S,4,1610612757,POR,203943,Vonleh,N. Vonleh,0,0,0,,0,,,0,v,SUB: Aminu FOR Vonleh,Substitution,,0,0
411,568,PT09M17.00S,4,1610612762,UTA,202324,Favors,D. Favors,0,0,0,,0,,,0,h,Favors Violation:Kicked Ball (T.Ford),Violation,Kicked Ball,0,0
412,569,PT09M03.00S,4,1610612757,POR,202323,Turner,E. Turner,96,32,10,Made,1,74,74,148,v,Turner 10' Floating Jump Shot (6 PTS),Made Shot,Floating Jump shot,1,0
413,570,PT08M45.00S,4,1610612762,UTA,1628378,Mitchell,D. Mitchell,-114,195,23,Made,1,76,74,150,h,Mitchell 23' Step Back Jump Shot (21 PTS),Made Shot,Step Back Jump shot,1,0
414,571,PT08M23.00S,4,1610612757,POR,203081,Lillard,D. Lillard,-140,226,27,Made,1,76,77,153,v,Lillard 27' 3PT Jump Shot (18 PTS),Made Shot,Jump Shot,1,0
415,572,PT07M58.00S,4,1610612762,UTA,1628378,Mitchell,D. Mitchell,95,227,25,Missed,1,,,0,h,MISS Mitchell 25' 3PT Step Back Jump Shot,Missed Shot,Step Back Jump shot,1,0
416,573,PT07M55.00S,4,1610612757,POR,202334,Davis,E. Davis,0,0,0,,0,,,0,v,Davis REBOUND (Off:1 Def:3),Rebound,Unknown,1,0
417,574,PT07M47.00S,4,1610612757,POR,1626192,Connaughton,P. Connaughton,217,138,26,Missed,1,,,0,v,MISS Connaughton 26' 3PT Jump Shot,Missed Shot,Jump Shot,1,0
418,575,PT07M44.00S,4,1610612762,UTA,200757,Sefolosha,T. Sefolosha,0,0,0,,0,,,0,h,Sefolosha REBOUND (Off:0 Def:7),Rebound,Unknown,1,0
419,576,PT07M36.00S,4,1610612762,UTA,200757,Sefolosha,T. Sefolosha,-47,94,11,Made,1,78,77,155,h,Sefolosha 11' Turnaround Jump Shot (11 PTS),Made Shot,Turnaround Jump Shot,1,0
420,577,PT07M36.00S,4,1610612757,POR,1626192,Connaughton,P. Connaughton,0,0,0,,0,,,0,v,Connaughton S.FOUL (P3.T2) (T.Ford),Foul,Shooting,1,0
421,580,PT07M36.00S,4,1610612757,POR,202334,Davis,E. Davis,0,0,0,,0,,,0,v,SUB: Nurkic FOR Davis,Substitution,,0,0
422,581,PT07M36.00S,4,1610612762,UTA,200757,Sefolosha,T. Sefolosha,0,0,0,,0,79,77,156,h,Sefolosha Free Throw 1 of 1 (12 PTS),Free Throw,Free Throw 1 of 1,0,0
423,582,PT07M18.00S,4,1610612757,POR,203081,Lillard,D. Lillard,-38,247,25,Made,1,79,80,159,v,Lillard 25' 3PT Jump Shot (21 PTS),Made Shot,Jump Shot,1,0
424,583,PT06M52.00S,4,1610612762,UTA,201973,Jerebko,J. Jerebko,146,210,26,Made,1,82,80,162,h,Jerebko 26' 3PT Jump Shot (8 PTS) (Mitchell 2 AST),Made Shot,Jump Shot,1,0
425,585,PT06M30.00S,4,1610612757,POR,203081,Lillard,D. Lillard,56,276,28,Missed,1,,,0,v,MISS Lillard 28' 3PT Jump Shot,Missed Shot,Jump Shot,1,0
426,586,PT06M28.00S,4,1610612762,UTA,201973,Jerebko,J. Jerebko,0,0,0,,0,,,0,h,Jerebko REBOUND (Off:0 Def:7),Rebound,Unknown,1,0
427,587,PT06M20.00S,4,1610612762,UTA,200757,Sefolosha,T. Sefolosha,-230,8,0,Missed,1,,,0,h,MISS Sefolosha 3PT Jump Shot,Missed Shot,Jump Shot,1,0
428,588,PT06M15.00S,4,1610612762,UTA,201937,Rubio,R. Rubio,0,0,0,,0,,,0,h,Rubio REBOUND (Off:1 Def:1),Rebound,Unknown,1,0
429,589,PT06M10.00S,4,1610612762,UTA,200757,Sefolosha,T. Sefolosha,-209,28,21,Missed,1,,,0,h,MISS Sefolosha 21' Jump Shot,Missed Shot,Jump Shot,1,0
430,590,PT06M08.00S,4,1610612757,POR,203081,Lillard,D. Lillard,0,0,0,,0,,,0,v,Lillard REBOUND (Off:1 Def:6),Rebound,Unknown,1,0
431,591,PT06M03.00S,4,1610612762,UTA,200757,Sefolosha,T. Sefolosha,0,0,0,,0,,,0,h,Sefolosha L.B.FOUL (P1.T2) (A.Smith),Foul,Loose Ball,1,0
432,595,PT06M03.00S,4,1610612762,UTA,201973,Jerebko,J. Jerebko,0,0,0,,0,,,0,h,SUB: Ingles FOR Jerebko,Substitution,,0,0
433,596,PT06M03.00S,4,1610612762,UTA,200757,Sefolosha,T. Sefolosha,0,0,0,,0,,,0,h,SUB: Gobert FOR Sefolosha,Substitution,,0,0
434,598,PT06M03.00S,4,1610612757,POR,1626192,Connaughton,P. Connaughton,0,0,0,,0,,,0,v,SUB: McCollum FOR Connaughton,Substitution,,0,0
435,599,PT05M56.00S,4,1610612757,POR,203994,Nurkic,J. Nurkic,24,17,3,Made,1,82,82,164,v,Nurkic 3' Cutting Layup Shot (19 PTS) (Turner 1 AST),Made Shot,Cutting Layup Shot,1,0
436,601,PT05M39.00S,4,1610612762,UTA,201937,Rubio,R. Rubio,0,0,0,,0,,,0,h,Rubio Bad Pass Turnover (P2.T11),Turnover,Bad Pass,1,0
437,601,PT05M39.00S,4,1610612757,POR,203081,Lillard,D. Lillard,0,0,0,,0,,,0,v,Lillard STEAL (2 STL),,,1,0
438,603,PT05M34.00S,4,1610612757,POR,203468,McCollum,C. McCollum,56,89,11,Made,1,82,84,166,v,McCollum 11' Pullup Jump Shot (11 PTS) (Lillard 7 AST),Made Shot,Pullup Jump shot,1,0
439,604,PT05M33.00S,4,0,,1610612762,,,0,0,0,,0,,,0,h,JAZZ Timeout: Regular (Full 4 Short 0),Timeout,Regular,0,0
440,607,PT05M33.00S,4,1610612762,UTA,202324,Favors,D. Favors,0,0,0,,0,,,0,h,SUB: Sefolosha FOR Favors,Substitution,,0,0
441,608,PT05M19.00S,4,1610612762,UTA,1628378,Mitchell,D. Mitchell,-54,152,16,Missed,1,,,0,h,MISS Mitchell 16' Pullup Jump Shot,Missed Shot,Pullup Jump shot,1,0
442,609,PT05M17.00S,4,1610612762,UTA,1628378,Mitchell,D. Mitchell,0,0,0,,0,,,0,h,Mitchell REBOUND (Off:1 Def:3),Rebound,Unknown,1,0
443,610,PT05M14.00S,4,1610612762,UTA,203497,Gobert,R. Gobert,-24,16,3,Made,1,84,84,168,h,Gobert 3' Reverse Layup (12 PTS) (Mitchell 3 AST),Made Shot,Reverse Layup Shot,1,0
444,612,PT04M59.00S,4,1610612762,UTA,1628378,Mitchell,D. Mitchell,0,0,0,,0,,,0,h,Mitchell S.FOUL (P3.T3) (A.Smith),Foul,Shooting,1,0
445,614,PT04M59.00S,4,1610612757,POR,203081,Lillard,D. Lillard,0,0,0,,0,84,85,169,v,Lillard Free Throw 1 of 2 (22 PTS),Free Throw,Free Throw 1 of 2,0,0
446,615,PT04M59.00S,4,1610612757,POR,203081,Lillard,D. Lillard,0,0,0,,0,84,86,170,v,Lillard Free Throw 2 of 2 (23 PTS),Free Throw,Free Throw 2 of 2,0,0
447,616,PT04M43.00S,4,1610612757,POR,203081,Lillard,D. Lillard,0,0,0,,0,,,0,v,Lillard P.FOUL (P2.T3) (J.Goble),Foul,Personal,1,0
448,618,PT04M39.00S,4,1610612762,UTA,1628378,Mitchell,D. Mitchell,-82,81,12,Missed,1,,,0,h,MISS Mitchell 12' Floating Jump Shot,Missed Shot,Floating Jump shot,1,0
449,619,PT04M34.00S,4,1610612762,UTA,1628378,Mitchell,D. Mitchell,0,0,0,,0,,,0,h,Mitchell REBOUND (Off:2 Def:3),Rebound,Unknown,1,0
450,620,PT04M34.00S,4,1610612762,UTA,1628378,Mitchell,D. Mitchell,0,-6,1,Made,1,86,86,172,h,Mitchell 1' Tip Layup Shot (23 PTS),Made Shot,Tip Layup Shot,1,0
451,621,PT04M20.00S,4,1610612757,POR,203081,Lillard,D. Lillard,150,236,28,Made,1,86,89,175,v,Lillard 28' 3PT Jump Shot (26 PTS) (Nurkic 1 AST),Made Shot,Jump Shot,1,0
452,623,PT04M01.00S,4,1610612762,UTA,204060,Ingles,J. Ingles,-56,26,6,Missed,1,,,0,h,MISS Ingles 6' Layup,Missed Shot,Layup Shot,1,0
453,623,PT04M01.00S,4,1610612757,POR,202323,Turner,E. Turner,0,0,0,,0,,,0,v,Turner BLOCK (1 BLK),,,1,0
454,625,PT04M01.00S,4,0,,1610612757,,,0,0,0,,0,,,0,v,Trail Blazers Rebound,Rebound,Unknown,0,0
455,626,PT03M49.00S,4,1610612757,POR,203468,McCollum,C. McCollum,0,0,0,,0,,,0,v,McCollum Out of Bounds Lost Ball Turnover (P5.T14),Turnover,Out of Bounds Lost Ball Turnover,1,0
456,627,PT03M49.00S,4,0,,1610612762,,,0,0,0,,0,,,0,h,JAZZ Timeout: Regular (Full 5 Short 0),Timeout,Regular,0,0
457,628,PT03M42.00S,4,1610612762,UTA,1628378,Mitchell,D. Mitchell,-104,231,25,Missed,1,,,0,h,MISS Mitchell 25' 3PT Pullup Jump Shot,Missed Shot,Pullup Jump shot,1,0
458,629,PT03M40.00S,4,1610612757,POR,203081,Lillard,D. Lillard,0,0,0,,0,,,0,v,Lillard REBOUND (Off:1 Def:7),Rebound,Unknown,1,0
459,630,PT03M22.00S,4,1610612757,POR,203468,McCollum,C. McCollum,-147,201,25,Made,1,86,92,178,v,McCollum 25' 3PT Jump Shot (14 PTS) (Lillard 8 AST),Made Shot,Jump Shot,1,0
460,632,PT03M08.00S,4,1610612762,UTA,201937,Rubio,R. Rubio,-121,227,26,Missed,1,,,0,h,MISS Rubio 26' 3PT Pullup Jump Shot,Missed Shot,Pullup Jump shot,1,0
461,633,PT03M05.00S,4,1610612757,POR,203994,Nurkic,J. Nurkic,0,0,0,,0,,,0,v,Nurkic REBOUND (Off:2 Def:7),Rebound,Unknown,1,0
462,634,PT03M04.00S,4,0,,1610612757,,,0,0,0,,0,,,0,v,Trail Blazers Timeout: Regular (Reg.5 Short 0),Timeout,Regular,0,0
463,635,PT02M52.00S,4,1610612757,POR,203468,McCollum,C. McCollum,0,0,0,,0,,,0,v,McCollum Lost Ball Turnover (P6.T15),Turnover,Lost Ball,1,0
464,635,PT02M52.00S,4,1610612762,UTA,200757,Sefolosha,T. Sefolosha,0,0,0,,0,,,0,h,Sefolosha STEAL (2 STL),,,1,0
465,637,PT02M48.00S,4,1610612762,UTA,201937,Rubio,R. Rubio,163,185,25,Made,1,89,92,181,h,Rubio 25' 3PT Jump Shot (19 PTS) (Sefolosha 2 AST),Made Shot,Jump Shot,1,0
466,639,PT02M26.00S,4,1610612757,POR,203994,Nurkic,J. Nurkic,-20,24,3,Missed,1,,,0,v,MISS Nurkic 3' Layup,Missed Shot,Layup Shot,1,0
467,639,PT02M26.00S,4,1610612762,UTA,203497,Gobert,R. Gobert,0,0,0,,0,,,0,h,Gobert BLOCK (2 BLK),,,1,0
468,641,PT02M24.00S,4,1610612762,UTA,201937,Rubio,R. Rubio,0,0,0,,0,,,0,h,Rubio REBOUND (Off:1 Def:2),Rebound,Unknown,1,0
469,642,PT02M19.00S,4,1610612762,UTA,204060,Ingles,J. Ingles,0,0,0,,0,,,0,h,Ingles Bad Pass Turnover (P4.T12),Turnover,Bad Pass,1,0
470,642,PT02M19.00S,4,1610612757,POR,202323,Turner,E. Turner,0,0,0,,0,,,0,v,Turner STEAL (3 STL),,,1,0
471,644,PT02M15.00S,4,1610612757,POR,203468,McCollum,C. McCollum,204,151,25,Missed,1,,,0,v,MISS McCollum 25' 3PT Jump Shot,Missed Shot,Jump Shot,1,0
472,645,PT02M12.00S,4,1610612757,POR,203994,Nurkic,J. Nurkic,0,0,0,,0,,,0,v,Nurkic REBOUND (Off:3 Def:7),Rebound,Unknown,1,0
473,646,PT02M12.00S,4,1610612757,POR,203994,Nurkic,J. Nurkic,-16,14,2,Missed,1,,,0,v,MISS Nurkic 2' Layup,Missed Shot,Layup Shot,1,0
474,647,PT02M12.00S,4,1610612762,UTA,204060,Ingles,J. Ingles,0,0,0,,0,,,0,h,Ingles REBOUND (Off:1 Def:4),Rebound,Unknown,1,0
475,648,PT02M03.00S,4,1610612762,UTA,201937,Rubio,R. Rubio,-23,16,3,Missed,1,,,0,h,MISS Rubio 3' Driving Layup,Missed Shot,Driving Layup Shot,1,0
476,649,PT02M03.00S,4,0,,1610612762,,,0,0,0,,0,,,0,h,JAZZ Rebound,Rebound,Unknown,0,0
477,652,PT02M03.00S,4,1610612757,POR,202329,Aminu,A. Aminu,0,0,0,,0,,,0,v,SUB: Harkless FOR Aminu,Substitution,,0,0
478,653,PT01M52.00S,4,1610612762,UTA,201937,Rubio,R. Rubio,-30,200,20,Missed,1,,,0,h,MISS Rubio 20' Pullup Jump Shot,Missed Shot,Pullup Jump shot,1,0
479,654,PT01M48.00S,4,1610612757,POR,202323,Turner,E. Turner,0,0,0,,0,,,0,v,Turner REBOUND (Off:0 Def:5),Rebound,Unknown,1,0
480,655,PT01M35.00S,4,1610612757,POR,203081,Lillard,D. Lillard,60,287,29,Missed,1,,,0,v,MISS Lillard 29' 3PT Pullup Jump Shot,Missed Shot,Pullup Jump shot,1,0
481,656,PT01M31.00S,4,1610612762,UTA,201937,Rubio,R. Rubio,0,0,0,,0,,,0,h,Rubio REBOUND (Off:1 Def:3),Rebound,Unknown,1,0
482,657,PT01M25.00S,4,1610612762,UTA,200757,Sefolosha,T. Sefolosha,226,12,0,Made,1,92,92,184,h,Sefolosha 3PT Jump Shot (15 PTS) (Ingles 5 AST),Made Shot,Jump Shot,1,0
483,659,PT01M09.00S,4,1610612757,POR,203081,Lillard,D. Lillard,0,0,0,,0,,,0,v,Lillard Bad Pass Turnover (P4.T16),Turnover,Bad Pass,1,0
484,659,PT01M09.00S,4,1610612762,UTA,200757,Sefolosha,T. Sefolosha,0,0,0,,0,,,0,h,Sefolosha STEAL (3 STL),,,1,0
485,661,PT01M04.00S,4,1610612762,UTA,201937,Rubio,R. Rubio,15,176,18,Missed,1,,,0,h,MISS Rubio 18' Jump Shot,Missed Shot,Jump Shot,1,0
486,662,PT01M00.00S,4,1610612757,POR,203081,Lillard,D. Lillard,0,0,0,,0,,,0,v,Lillard REBOUND (Off:1 Def:8),Rebound,Unknown,1,0
487,663,PT00M45.30S,4,1610612757,POR,203081,Lillard,D. Lillard,-18,8,2,Made,1,92,94,186,v,Lillard 2' Driving Layup (28 PTS),Made Shot,Driving Layup Shot,1,0
488,664,PT00M45.30S,4,0,,1610612762,,,0,0,0,,0,,,0,h,JAZZ Timeout: Regular (Full 6 Short 0),Timeout,Regular,0,0
489,665,PT00M29.40S,4,1610612762,UTA,200757,Sefolosha,T. Sefolosha,-18,23,3,Missed,1,,,0,h,MISS Sefolosha 3' Dunk,Missed Shot,Dunk Shot,1,0
490,665,PT00M29.40S,4,1610612757,POR,203994,Nurkic,J. Nurkic,0,0,0,,0,,,0,v,Nurkic BLOCK (3 BLK),,,1,0
491,667,PT00M29.00S,4,1610612762,UTA,203497,Gobert,R. Gobert,0,0,0,,0,,,0,h,Gobert REBOUND (Off:2 Def:7),Rebound,Unknown,1,0
492,668,PT00M29.00S,4,1610612762,UTA,203497,Gobert,R. Gobert,-16,18,2,Made,1,94,94,188,h,Gobert 2' Dunk (14 PTS),Made Shot,Dunk Shot,1,0
493,669,PT00M29.00S,4,0,,1610612757,,,0,0,0,,0,,,0,v,Trail Blazers Timeout: Regular (Reg.6 Short 0),Timeout,Regular,0,0
494,671,PT00M13.90S,4,1610612757,POR,203081,Lillard,D. Lillard,197,197,28,Missed,1,,,0,v,MISS Lillard 28' 3PT Jump Shot,Missed Shot,Jump Shot,1,0
495,672,PT00M10.50S,4,1610612762,UTA,204060,Ingles,J. Ingles,0,0,0,,0,,,0,h,Ingles REBOUND (Off:1 Def:5),Rebound,Unknown,1,0
496,673,PT00M09.80S,4,1610612762,UTA,201937,Rubio,R. Rubio,0,0,0,,0,,,0,h,Rubio Traveling Turnover (P3.T13),Turnover,Traveling,1,0
497,674,PT00M09.80S,4,0,,1610612757,,,0,0,0,,0,,,0,v,Trail Blazers Timeout: Regular (Reg.7 Short 0),Timeout,Regular,0,0
498,676,PT00M09.80S,4,1610612757,POR,203090,Harkless,M. Harkless,0,0,0,,0,,,0,v,SUB: Connaughton FOR Harkless,Substitution,,0,0
499,677,PT00M00.00S,4,1610612757,POR,203081,Lillard,D. Lillard,93,136,16,Missed,1,,,0,v,MISS Lillard 16' Floating Jump Shot,Missed Shot,Floating Jump shot,1,0
500,677,PT00M00.00S,4,1610612762,UTA,203497,Gobert,R. Gobert,0,0,0,,0,,,0,h,Gobert BLOCK (3 BLK),,,1,0
501,679,PT00M00.00S,4,1610612762,UTA,200757,Sefolosha,T. Sefolosha,0,0,0,,0,,,0,h,Sefolosha REBOUND (Off:0 Def:8),Rebound,Unknown,1,0
502,680,PT00M00.00S,4,0,,0,,,0,0,0,,0,94,94,188,,End of 4th Period (11:24 PM EST),period,end,1,0
503,683,PT05M00.00S,5,0,,0,,,0,0,0,,0,94,94,188,,Start of 1st OT (11:27 PM EST),period,start,0,0
504,685,PT05M00.00S,5,1610612762,UTA,203497,Gobert,R. Gobert,0,0,0,,0,,,0,h,,Jump Ball,,1,0
505,688,PT04M48.00S,5,1610612762,UTA,1628378,Mitchell,D. Mitchell,-29,252,25,Made,1,97,94,191,h,Mitchell 25' 3PT Step Back Jump Shot (26 PTS),Made Shot,Step Back Jump shot,1,0
506,689,PT04M32.00S,5,1610612762,UTA,201937,Rubio,R. Rubio,0,0,0,,0,,,0,h,Rubio S.FOUL (P4.T1) (J.Goble),Foul,Shooting,1,0
507,691,PT04M32.00S,5,1610612757,POR,203994,Nurkic,J. Nurkic,0,0,0,,0,,,0,v,MISS Nurkic Free Throw 1 of 2,Free Throw,Free Throw 1 of 2,0,0
508,692,PT04M32.00S,5,0,,1610612757,,,0,0,0,,0,,,0,v,Trail Blazers Rebound,Rebound,Normal Rebound,0,0
509,693,PT04M32.00S,5,1610612757,POR,203994,Nurkic,J. Nurkic,0,0,0,,0,,,0,v,MISS Nurkic Free Throw 2 of 2,Free Throw,Free Throw 2 of 2,0,0
510,694,PT04M29.00S,5,1610612762,UTA,200757,Sefolosha,T. Sefolosha,0,0,0,,0,,,0,h,Sefolosha REBOUND (Off:0 Def:9),Rebound,Unknown,1,0
511,695,PT04M16.00S,5,1610612757,POR,203994,Nurkic,J. Nurkic,0,0,0,,0,,,0,v,Nurkic S.FOUL (P4.T1) (A.Smith),Foul,Shooting,1,0
512,697,PT04M16.00S,5,1610612762,UTA,1628378,Mitchell,D. Mitchell,0,0,0,,0,98,94,192,h,Mitchell Free Throw 1 of 2 (27 PTS),Free Throw,Free Throw 1 of 2,0,0
513,698,PT04M16.00S,5,1610612762,UTA,1628378,Mitchell,D. Mitchell,0,0,0,,0,99,94,193,h,Mitchell Free Throw 2 of 2 (28 PTS),Free Throw,Free Throw 2 of 2,0,0
514,699,PT04M02.00S,5,1610612757,POR,203081,Lillard,D. Lillard,-122,161,20,Made,1,99,96,195,v,Lillard 20' Pullup Jump Shot (30 PTS) (Nurkic 2 AST),Made Shot,Pullup Jump shot,1,0
515,701,PT03M46.00S,5,1610612762,UTA,1628378,Mitchell,D. Mitchell,-138,235,27,Missed,1,,,0,h,MISS Mitchell 27' 3PT Jump Shot,Missed Shot,Jump Shot,1,0
516,702,PT03M44.00S,5,1610612757,POR,203994,Nurkic,J. Nurkic,0,0,0,,0,,,0,v,Nurkic REBOUND (Off:3 Def:8),Rebound,Unknown,1,0
517,703,PT03M35.00S,5,1610612757,POR,203994,Nurkic,J. Nurkic,14,11,2,Missed,1,,,0,v,MISS Nurkic 2' Layup,Missed Shot,Layup Shot,1,0
518,705,PT03M32.00S,5,1610612762,UTA,204060,Ingles,J. Ingles,0,0,0,,0,,,0,h,Ingles REBOUND (Off:1 Def:6),Rebound,Unknown,1,0
519,706,PT03M30.00S,5,1610612757,POR,202323,Turner,E. Turner,0,0,0,,0,,,0,v,Turner P.FOUL (P2.T2) (A.Smith),Foul,Personal,1,0
520,708,PT03M24.00S,5,1610612757,POR,202323,Turner,E. Turner,0,0,0,,0,,,0,v,Turner S.FOUL (P3.T3) (J.Goble),Foul,Shooting,1,0
521,710,PT03M24.00S,5,1610612762,UTA,203497,Gobert,R. Gobert,0,0,0,,0,100,96,196,h,Gobert Free Throw 1 of 2 (15 PTS),Free Throw,Free Throw 1 of 2,0,0
522,711,PT03M24.00S,5,1610612762,UTA,203497,Gobert,R. Gobert,0,0,0,,0,,,0,h,MISS Gobert Free Throw 2 of 2,Free Throw,Free Throw 2 of 2,0,0
523,712,PT03M22.00S,5,1610612757,POR,202323,Turner,E. Turner,0,0,0,,0,,,0,v,Turner REBOUND (Off:0 Def:6),Rebound,Unknown,1,0
524,714,PT03M04.00S,5,1610612757,POR,203994,Nurkic,J. Nurkic,-46,243,25,Missed,1,,,0,v,MISS Nurkic 25' 3PT Jump Shot,Missed Shot,Jump Shot,1,0
525,715,PT03M01.00S,5,1610612762,UTA,203497,Gobert,R. Gobert,0,0,0,,0,,,0,h,Gobert REBOUND (Off:2 Def:8),Rebound,Unknown,1,0
526,716,PT02M42.00S,5,1610612762,UTA,201937,Rubio,R. Rubio,0,0,0,,0,,,0,h,Rubio Lost Ball Turnover (P4.T14),Turnover,Lost Ball,1,0
527,716,PT02M42.00S,5,1610612757,POR,202323,Turner,E. Turner,0,0,0,,0,,,0,v,Turner STEAL (4 STL),,,1,0
528,718,PT02M42.00S,5,1610612762,UTA,1628378,Mitchell,D. Mitchell,0,0,0,,0,,,0,h,Mitchell P.FOUL (P4.T2) (A.Smith),Foul,Personal,1,0
529,720,PT02M30.00S,5,1610612757,POR,203081,Lillard,D. Lillard,-178,225,29,Missed,1,,,0,v,MISS Lillard 29' 3PT Jump Shot,Missed Shot,Jump Shot,1,0
530,721,PT02M26.00S,5,1610612762,UTA,204060,Ingles,J. Ingles,0,0,0,,0,,,0,h,Ingles REBOUND (Off:1 Def:7),Rebound,Unknown,1,0
531,722,PT02M14.00S,5,1610612762,UTA,201937,Rubio,R. Rubio,18,153,15,Made,1,102,96,198,h,Rubio 15' Pullup Jump Shot (21 PTS),Made Shot,Pullup Jump shot,1,0
532,723,PT01M55.00S,5,1610612757,POR,203468,McCollum,C. McCollum,92,47,10,Made,1,102,98,200,v,McCollum 10' Driving Floating Bank Jump Shot (16 PTS),Made Shot,Driving Floating Bank Jump Shot,1,0
533,724,PT01M39.00S,5,1610612757,POR,203994,Nurkic,J. Nurkic,0,0,0,,0,,,0,v,Nurkic S.FOUL (P5.PN) (J.Goble),Foul,Shooting,1,0
534,726,PT01M39.00S,5,1610612762,UTA,203497,Gobert,R. Gobert,0,0,0,,0,,,0,h,MISS Gobert Free Throw 1 of 2,Free Throw,Free Throw 1 of 2,0,0
535,727,PT01M39.00S,5,0,,1610612762,,,0,0,0,,0,,,0,h,JAZZ Rebound,Rebound,Normal Rebound,0,0
536,728,PT01M39.00S,5,1610612762,UTA,203497,Gobert,R. Gobert,0,0,0,,0,103,98,201,h,Gobert Free Throw 2 of 2 (16 PTS),Free Throw,Free Throw 2 of 2,1,0
537,729,PT01M29.00S,5,1610612762,UTA,200757,Sefolosha,T. Sefolosha,0,0,0,,0,,,0,h,Sefolosha P.FOUL (P2.T3) (J.Goble),Foul,Personal,1,0
538,731,PT01M29.00S,5,0,,729,Lewis,M. Lewis,0,0,0,,0,103,98,201,,Instant Replay1st OT (11:35 PM EST),Instant Replay,Support Ruling,0,0
539,732,PT01M29.00S,5,1610612762,UTA,200757,Sefolosha,T. Sefolosha,0,0,0,,0,,,0,h,Sefolosha T.FOUL (P2.T3) (J.Goble),Foul,Technical,0,0
540,733,PT01M29.00S,5,1610612757,POR,203081,Lillard,D. Lillard,0,0,0,,0,103,99,202,v,Lillard Free Throw Technical (31 PTS),Free Throw,Free Throw Technical,1,0
541,734,PT01M18.00S,5,1610612757,POR,203468,McCollum,C. McCollum,12,164,16,Missed,1,,,0,v,MISS McCollum 16' Floating Jump Shot,Missed Shot,Floating Jump shot,1,0
542,735,PT01M15.00S,5,1610612762,UTA,201937,Rubio,R. Rubio,0,0,0,,0,,,0,h,Rubio REBOUND (Off:1 Def:4),Rebound,Unknown,1,0
543,736,PT01M15.00S,5,1610612757,POR,203468,McCollum,C. McCollum,0,0,0,,0,,,0,v,McCollum P.FOUL (P2.PN) (A.Smith),Foul,Personal,1,0
544,738,PT01M15.00S,5,1610612762,UTA,201937,Rubio,R. Rubio,0,0,0,,0,104,99,203,h,Rubio Free Throw 1 of 2 (22 PTS),Free Throw,Free Throw 1 of 2,1,0
545,739,PT01M15.00S,5,1610612762,UTA,201937,Rubio,R. Rubio,0,0,0,,0,105,99,204,h,Rubio Free Throw 2 of 2 (23 PTS),Free Throw,Free Throw 2 of 2,1,0
546,740,PT01M09.00S,5,1610612757,POR,203081,Lillard,D. Lillard,9,15,2,Made,1,105,101,206,v,Lillard 2' Running Dunk (33 PTS),Made Shot,Running Dunk Shot,1,0
547,741,PT00M57.50S,5,1610612757,POR,203081,Lillard,D. Lillard,0,0,0,,0,,,0,v,Lillard S.FOUL (P3.PN) (J.Goble),Foul,Shooting,1,0
548,743,PT00M57.50S,5,1610612762,UTA,201937,Rubio,R. Rubio,0,0,0,,0,106,101,207,h,Rubio Free Throw 1 of 2 (24 PTS),Free Throw,Free Throw 1 of 2,1,0
549,744,PT00M57.50S,5,1610612762,UTA,201937,Rubio,R. Rubio,0,0,0,,0,107,101,208,h,Rubio Free Throw 2 of 2 (25 PTS),Free Throw,Free Throw 2 of 2,1,0
550,745,PT00M50.30S,5,1610612757,POR,202323,Turner,E. Turner,231,88,25,Missed,1,,,0,v,MISS Turner 25' 3PT Jump Shot,Missed Shot,Jump Shot,1,0
551,746,PT00M46.40S,5,1610612757,POR,203090,Harkless,M. Harkless,0,0,0,,0,,,0,v,Harkless REBOUND (Off:1 Def:1),Rebound,Unknown,1,0
552,747,PT00M46.40S,5,1610612757,POR,203090,Harkless,M. Harkless,-6,15,2,Made,1,107,103,210,v,Harkless 2' Layup (7 PTS),Made Shot,Layup Shot,1,0
553,748,PT00M31.60S,5,1610612762,UTA,201937,Rubio,R. Rubio,-22,249,25,Made,1,110,103,213,h,Rubio 25' 3PT Jump Shot (28 PTS),Made Shot,Jump Shot,1,0
554,749,PT00M30.90S,5,0,,1610612757,,,0,0,0,,0,,,0,v,Trail Blazers Timeout: Regular (Reg.8 Short 0),Timeout,Regular,0,0
555,750,PT00M30.90S,5,0,,748,,,0,0,0,,0,110,103,213,,Instant Replay1st OT (11:42 PM EST),Instant Replay,Support Ruling,0,0
556,752,PT00M30.90S,5,1610612757,POR,203994,Nurkic,J. Nurkic,0,0,0,,0,,,0,v,SUB: Connaughton FOR Nurkic,Substitution,,0,0
557,753,PT00M28.40S,5,1610612757,POR,203081,Lillard,D. Lillard,217,124,25,Missed,1,,,0,v,MISS Lillard 25' 3PT Jump Shot,Missed Shot,Jump Shot,1,0
558,754,PT00M23.90S,5,1610612757,POR,203081,Lillard,D. Lillard,0,0,0,,0,,,0,v,Lillard REBOUND (Off:2 Def:8),Rebound,Unknown,1,0
559,755,PT00M23.20S,5,1610612757,POR,203081,Lillard,D. Lillard,0,0,0,,0,,,0,v,Lillard Out of Bounds - Bad Pass Turnover Turnover (P5.T17),Turnover,Out of Bounds - Bad Pass Turnover,1,0
560,756,PT00M17.40S,5,1610612757,POR,202323,Turner,E. Turner,0,0,0,,0,,,0,v,Turner P.FOUL (P4.PN) (T.Ford),Foul,Personal,1,0
561,758,PT00M17.40S,5,1610612762,UTA,201937,Rubio,R. Rubio,0,0,0,,0,111,103,214,h,Rubio Free Throw 1 of 2 (29 PTS),Free Throw,Free Throw 1 of 2,1,0
562,759,PT00M17.40S,5,1610612762,UTA,201937,Rubio,R. Rubio,0,0,0,,0,112,103,215,h,Rubio Free Throw 2 of 2 (30 PTS),Free Throw,Free Throw 2 of 2,1,0
563,760,PT00M12.00S,5,1610612757,POR,203468,McCollum,C. McCollum,82,237,25,Missed,1,,,0,v,MISS McCollum 25' 3PT Pullup Jump Shot,Missed Shot,Pullup Jump shot,1,0
564,761,PT00M09.90S,5,1610612762,UTA,1628378,Mitchell,D. Mitchell,0,0,0,,0,,,0,h,Mitchell REBOUND (Off:2 Def:4),Rebound,Unknown,1,0
565,762,PT00M00.00S,5,0,,0,,,0,0,0,,0,112,103,215,,End of 1st OT (11:45 PM EST),period,end,1,0
