actionId,actionNumber,clock,period,teamId,teamTricode,personId,playerName,playerNameI,xLegacy,yLegacy,shotDistance,shotResult,isFieldGoal,scoreHome,scoreAway,pointsTotal,location,description,actionType,subType,videoAvailable,shotValue
1,2,PT12M00.00S,1,0,,0,,,0,0,0,,0,0,0,0,,Start of 1st Period (7:44 PM EST),period,start,1,0
2,5,PT12M00.00S,1,1610612748,MIA,1628389,Adebayo,B. Adebayo,0,0,0,,0,,,0,h,Jump Ball Adebayo vs. Porzingis: Tip to Kispert,Jump Ball,,0,0
3,8,PT11M33.00S,1,1610612764,WAS,204001,Porzingis,K. Porzingis,-85,40,9,Made,1,0,2,2,v,Porzingis 9' Turnaround Fadeaway Bank Jump Shot (2 PTS),Made Shot,Turnaround Fadeaway Bank Jump Shot,1,0
4,9,PT11M21.00S,1,1610612748,MIA,1631107,Jovic,N. Jovic,0,0,0,,0,,,0,h,Jovic Bad Pass Turnover (P1.T1),Turnover,Bad Pass,1,0
5,9,PT11M21.00S,1,1610612764,WAS,1630166,Avdija,D. Avdija,0,0,0,,0,,,0,v,Avdija STEAL (1 STL),,,1,0
6,11,PT11M14.00S,1,1610612764,WAS,1630557,Kispert,C. Kispert,230,17,0,Made,1,0,5,5,v,Kispert 3PT Jump Shot (3 PTS) (Avdija 1 AST),Made Shot,Jump Shot,1,0
7,13,PT11M03.00S,1,1610612748,MIA,1628389,Adebayo,B. Adebayo,21,-1,2,Missed,1,,,0,h,MISS Adebayo 2' Alley Oop Layup,Missed Shot,Alley Oop Layup shot,1,0
8,14,PT11M01.00S,1,1610612748,MIA,200768,Lowry,K. Lowry,0,0,0,,0,,,0,h,Lowry REBOUND (Off:1 Def:0),Rebound,Unknown,1,0
9,15,PT10M59.00S,1,1610612748,MIA,1631107,Jovic,N. Jovic,-16,4,2,Made,1,2,5,7,h,Jovic 2' Cutting Layup Shot (2 PTS) (Lowry 1 AST),Made Shot,Cutting Layup Shot,1,0
10,17,PT10M45.00S,1,1610612764,WAS,204001,Porzingis,K. Porzingis,65,276,28,Missed,1,,,0,v,MISS Porzingis 28' 3PT Jump Shot,Missed Shot,Jump Shot,1,0
11,18,PT10M41.00S,1,1610612748,MIA,1629639,Herro,T. Herro,0,0,0,,0,,,0,h,Herro REBOUND (Off:0 Def:1),Rebound,Unknown,1,0
12,19,PT10M27.00S,1,1610612748,MIA,1628389,Adebayo,B. Adebayo,-1,109,11,Missed,1,,,0,h,MISS Adebayo 11' Turnaround Fadeaway Shot,Missed Shot,Turnaround Fadeaway shot,1,0
13,20,PT10M22.00S,1,1610612764,WAS,204001,Porzingis,K. Porzingis,0,0,0,,0,,,0,v,Porzingis REBOUND (Off:0 Def:1),Rebound,Unknown,1,0
14,21,PT10M17.00S,1,1610612764,WAS,1630166,Avdija,D. Avdija,232,129,27,Missed,1,,,0,v,MISS Avdija 27' 3PT Jump Shot,Missed Shot,Jump Shot,1,0
15,22,PT10M12.00S,1,1610612748,MIA,1631107,Jovic,N. Jovic,0,0,0,,0,,,0,h,Jovic REBOUND (Off:0 Def:1),Rebound,Unknown,1,0
16,23,PT10M06.00S,1,1610612748,MIA,1629639,Herro,T. Herro,99,-6,10,Missed,1,,,0,h,MISS Herro 10' Pullup Jump Shot,Missed Shot,Pullup Jump shot,1,0
17,24,PT10M03.00S,1,1610612764,WAS,1630166,Avdija,D. Avdija,0,0,0,,0,,,0,v,Avdija REBOUND (Off:0 Def:1),Rebound,Unknown,1,0
18,25,PT09M59.00S,1,1610612764,WAS,1628398,Kuzma,K. Kuzma,-13,22,3,Made,1,2,7,9,v,Kuzma 3' Cutting Layup Shot (2 PTS) (Avdija 2 AST),Made Shot,Cutting Layup Shot,1,0
19,27,PT09M59.00S,1,1610612748,MIA,1628389,Adebayo,B. Adebayo,0,0,0,,0,,,0,h,Adebayo S.FOUL (P1.T1) (M.Boland),Foul,Shooting,1,0
20,29,PT09M59.00S,1,1610612764,WAS,1628398,Kuzma,K. Kuzma,0,0,0,,0,2,8,10,v,Kuzma Free Throw 1 of 1 (3 PTS),Free Throw,Free Throw 1 of 1,1,0
21,30,PT09M45.00S,1,1610612748,MIA,1628389,Adebayo,B. Adebayo,-50,130,14,Missed,1,,,0,h,MISS Adebayo 14' Jump Shot,Missed Shot,Jump Shot,1,0
22,31,PT09M42.00S,1,1610612764,WAS,204001,Porzingis,K. Porzingis,0,0,0,,0,,,0,v,Porzingis REBOUND (Off:0 Def:2),Rebound,Unknown,1,0
23,32,PT09M37.00S,1,1610612764,WAS,1630166,Avdija,D. Avdija,23,32,4,Made,1,2,10,12,v,Avdija 4' Jump Shot (2 PTS) (Goodwin 1 AST),Made Shot,Jump Shot,1,0
24,34,PT09M37.00S,1,1610612748,MIA,1629639,Herro,T. Herro,0,0,0,,0,,,0,h,Herro S.FOUL (P1.T2) (S.Wall),Foul,Shooting,1,0
25,36,PT09M37.00S,1,1610612764,WAS,1630166,Avdija,D. Avdija,0,0,0,,0,2,11,13,v,Avdija Free Throw 1 of 1 (3 PTS),Free Throw,Free Throw 1 of 1,1,0
26,37,PT09M11.00S,1,1610612748,MIA,200768,Lowry,K. Lowry,0,0,0,,0,,,0,h,Lowry Bad Pass Turnover (P1.T2),Turnover,Bad Pass,1,0
27,37,PT09M11.00S,1,1610612764,WAS,1630557,Kispert,C. Kispert,0,0,0,,0,,,0,v,Kispert STEAL (1 STL),,,1,0
28,39,PT09M01.00S,1,1610612764,WAS,1630557,Kispert,C. Kispert,0,0,0,,0,,,0,v,Kispert Bad Pass Turnover (P1.T1),Turnover,Bad Pass,1,0
29,39,PT09M01.00S,1,1610612748,MIA,1628997,Martin,C. Martin,0,0,0,,0,,,0,h,Martin STEAL (1 STL),,,1,0
30,41,PT08M53.00S,1,1610612748,MIA,1628997,Martin,C. Martin,21,1,2,Made,1,4,11,15,h,Martin 2' Cutting Layup Shot (2 PTS) (Lowry 2 AST),Made Shot,Cutting Layup Shot,1,0
31,43,PT08M43.00S,1,1610612748,MIA,1629639,Herro,T. Herro,0,0,0,,0,,,0,h,Herro S.FOUL (P2.T3) (M.Boland),Foul,Shooting,1,0
32,45,PT08M43.00S,1,1610612764,WAS,1630692,Goodwin,J. Goodwin,0,0,0,,0,,,0,v,MISS Goodwin Free Throw 1 of 2,Free Throw,Free Throw 1 of 2,1,0
33,46,PT08M43.00S,1,0,,1610612764,,,0,0,0,,0,,,0,v,Wizards Rebound,Rebound,Normal Rebound,1,0
34,47,PT08M43.00S,1,1610612764,WAS,1630692,Goodwin,J. Goodwin,0,0,0,,0,,,0,v,MISS Goodwin Free Throw 2 of 2,Free Throw,Free Throw 2 of 2,1,0
35,48,PT08M41.00S,1,1610612748,MIA,1631107,Jovic,N. Jovic,0,0,0,,0,,,0,h,Jovic REBOUND (Off:0 Def:2),Rebound,Unknown,1,0
36,49,PT08M34.00S,1,1610612748,MIA,1629639,Herro,T. Herro,228,76,24,Missed,1,,,0,h,MISS Herro 24' 3PT Jump Shot,Missed Shot,Jump Shot,1,0
37,50,PT08M32.00S,1,1610612764,WAS,1630692,Goodwin,J. Goodwin,0,0,0,,0,,,0,v,Goodwin REBOUND (Off:0 Def:1),Rebound,Unknown,1,0
38,51,PT08M22.00S,1,1610612764,WAS,1628398,Kuzma,K. Kuzma,69,176,19,Made,1,4,13,17,v,Kuzma 19' Fadeaway Jumper (5 PTS),Made Shot,Fadeaway Jump Shot,1,0
39,52,PT08M01.00S,1,1610612748,MIA,1628997,Martin,C. Martin,-21,2,2,Made,1,6,13,19,h,Martin 2' Driving Layup (4 PTS),Made Shot,Driving Layup Shot,1,0
40,53,PT07M49.00S,1,1610612748,MIA,200768,Lowry,K. Lowry,0,0,0,,0,,,0,h,Lowry S.FOUL (P1.T4) (B.Taylor),Foul,Shooting,1,0
41,55,PT07M49.00S,1,1610612764,WAS,204001,Porzingis,K. Porzingis,0,0,0,,0,6,14,20,v,Porzingis Free Throw 1 of 2 (3 PTS),Free Throw,Free Throw 1 of 2,1,0
42,56,PT07M49.00S,1,1610612764,WAS,204001,Porzingis,K. Porzingis,0,0,0,,0,6,15,21,v,Porzingis Free Throw 2 of 2 (4 PTS),Free Throw,Free Throw 2 of 2,1,0
43,57,PT07M35.00S,1,1610612748,MIA,1628997,Martin,C. Martin,12,-1,1,Made,1,8,15,23,h,Martin 1' Driving Layup (6 PTS) (Herro 1 AST),Made Shot,Driving Layup Shot,1,0
44,58,PT07M19.00S,1,1610612764,WAS,1628398,Kuzma,K. Kuzma,-148,203,25,Missed,1,,,0,v,MISS Kuzma 25' 3PT Jump Shot,Missed Shot,Jump Shot,1,0
45,59,PT07M16.00S,1,1610612748,MIA,1628997,Martin,C. Martin,0,0,0,,0,,,0,h,Martin REBOUND (Off:0 Def:1),Rebound,Unknown,1,0
46,60,PT07M14.00S,1,1610612748,MIA,1631107,Jovic,N. Jovic,-12,1,1,Made,1,10,15,25,h,Jovic 1' Cutting Dunk Shot (4 PTS) (Martin 1 AST),Made Shot,Cutting Dunk Shot,1,0
47,63,PT07M14.00S,1,0,,1610612764,,,0,0,0,,0,,,0,v,Wizards Timeout: Regular (Reg.1 Short 0),Timeout,Regular,0,0
48,64,PT07M14.00S,1,1610612764,WAS,1630692,Goodwin,J. Goodwin,0,0,0,,0,,,0,v,SUB: Barton FOR Goodwin,Substitution,,0,0
49,67,PT07M04.00S,1,1610612748,MIA,1628997,Martin,C. Martin,0,0,0,,0,,,0,h,Martin Violation:Kicked Ball (B.Taylor),Violation,Kicked Ball,0,0
50,68,PT07M01.00S,1,1610612764,WAS,204001,Porzingis,K. Porzingis,0,0,0,,0,,,0,v,Porzingis Traveling Turnover (P1.T2),Turnover,Traveling,1,0
51,69,PT06M48.00S,1,1610612748,MIA,200768,Lowry,K. Lowry,6,104,10,Made,1,12,15,27,h,Lowry 10' Pullup Jump Shot (2 PTS) (Adebayo 1 AST),Made Shot,Pullup Jump shot,1,0
52,70,PT06M35.00S,1,1610612764,WAS,1628398,Kuzma,K. Kuzma,12,6,1,Made,1,12,17,29,v,Kuzma 1' Cutting Layup Shot (7 PTS) (Avdija 3 AST),Made Shot,Cutting Layup Shot,1,0
53,72,PT06M27.00S,1,1610612764,WAS,203115,Barton,W. Barton,0,0,0,,0,,,0,v,Barton P.FOUL (P1.T1) (B.Taylor),Foul,Personal,1,0
54,75,PT06M24.00S,1,1610612748,MIA,1628997,Martin,C. Martin,129,223,26,Missed,1,,,0,h,MISS Martin 26' 3PT Jump Shot,Missed Shot,Jump Shot,1,0
55,76,PT06M22.00S,1,1610612748,MIA,1628389,Adebayo,B. Adebayo,0,0,0,,0,,,0,h,Adebayo REBOUND (Off:1 Def:0),Rebound,Unknown,1,0
56,77,PT06M12.00S,1,1610612764,WAS,204001,Porzingis,K. Porzingis,0,0,0,,0,,,0,v,Porzingis S.FOUL (P1.T2) (S.Wall),Foul,Shooting,1,0
57,79,PT06M12.00S,1,1610612748,MIA,1629639,Herro,T. Herro,0,0,0,,0,,,0,h,MISS Herro Free Throw 1 of 2,Free Throw,Free Throw 1 of 2,1,0
58,80,PT06M12.00S,1,0,,1610612748,,,0,0,0,,0,,,0,h,HEAT Rebound,Rebound,Normal Rebound,0,0
59,81,PT06M12.00S,1,1610612748,MIA,1631107,Jovic,N. Jovic,0,0,0,,0,,,0,h,SUB: Vincent FOR Jovic,Substitution,,0,0
60,83,PT06M12.00S,1,1610612748,MIA,1629639,Herro,T. Herro,0,0,0,,0,,,0,h,MISS Herro Free Throw 2 of 2,Free Throw,Free Throw 2 of 2,1,0
61,84,PT06M08.00S,1,1610612764,WAS,1628398,Kuzma,K. Kuzma,0,0,0,,0,,,0,v,Kuzma REBOUND (Off:0 Def:1),Rebound,Unknown,1,0
62,85,PT05M57.00S,1,1610612764,WAS,1630557,Kispert,C. Kispert,0,0,0,,0,,,0,v,Kispert Bad Pass Turnover (P2.T3),Turnover,Bad Pass,1,0
63,85,PT05M57.00S,1,1610612748,MIA,1628389,Adebayo,B. Adebayo,0,0,0,,0,,,0,h,Adebayo STEAL (1 STL),,,1,0
64,87,PT05M50.00S,1,1610612748,MIA,1629216,Vincent,G. Vincent,-232,-9,0,Missed,1,,,0,h,MISS Vincent 3PT Jump Shot,Missed Shot,Jump Shot,1,0
65,88,PT05M47.00S,1,1610612764,WAS,204001,Porzingis,K. Porzingis,0,0,0,,0,,,0,v,Porzingis REBOUND (Off:0 Def:3),Rebound,Unknown,1,0
66,89,PT05M39.00S,1,1610612764,WAS,1630166,Avdija,D. Avdija,10,8,1,Made,1,12,19,31,v,Avdija 1' Driving Layup (5 PTS),Made Shot,Driving Layup Shot,1,0
67,90,PT05M33.00S,1,1610612748,MIA,200768,Lowry,K. Lowry,-116,6,12,Made,1,14,19,33,h,Lowry 12' Driving Floating Jump Shot (4 PTS),Made Shot,Driving Floating Jump Shot,1,0
68,91,PT05M33.00S,1,1610612764,WAS,1630166,Avdija,D. Avdija,0,0,0,,0,,,0,v,Avdija S.FOUL (P1.T3) (B.Taylor),Foul,Shooting,1,0
69,93,PT05M33.00S,1,1610612748,MIA,1629639,Herro,T. Herro,0,0,0,,0,,,0,h,SUB: Jovic FOR Herro,Substitution,,0,0
70,95,PT05M33.00S,1,1610612764,WAS,1628398,Kuzma,K. Kuzma,0,0,0,,0,,,0,v,SUB: Davis FOR Kuzma,Substitution,,0,0
71,97,PT05M33.00S,1,1610612748,MIA,200768,Lowry,K. Lowry,0,0,0,,0,15,19,34,h,Lowry Free Throw 1 of 1 (5 PTS),Free Throw,Free Throw 1 of 1,1,0
72,98,PT05M14.00S,1,1610612764,WAS,1630557,Kispert,C. Kispert,-159,220,27,Missed,1,,,0,v,MISS Kispert 27' 3PT Jump Shot,Missed Shot,Jump Shot,1,0
73,99,PT05M10.00S,1,1610612748,MIA,200768,Lowry,K. Lowry,0,0,0,,0,,,0,h,Lowry REBOUND (Off:1 Def:1),Rebound,Unknown,1,0
74,100,PT05M05.00S,1,1610612748,MIA,1628389,Adebayo,B. Adebayo,13,170,17,Missed,1,,,0,h,MISS Adebayo 17' Jump Shot,Missed Shot,Jump Shot,1,0
75,101,PT05M00.00S,1,1610612764,WAS,203115,Barton,W. Barton,0,0,0,,0,,,0,v,Barton REBOUND (Off:0 Def:1),Rebound,Unknown,1,0
76,102,PT04M59.00S,1,1610612764,WAS,203115,Barton,W. Barton,0,0,0,,0,,,0,v,Barton Discontinue Dribble Turnover (P1.T4),Turnover,Discontinue Dribble,1,0
77,103,PT04M59.00S,1,1610612748,MIA,1628997,Martin,C. Martin,0,0,0,,0,,,0,h,SUB: Highsmith FOR Martin,Substitution,,0,0
78,105,PT04M46.00S,1,1610612748,MIA,1631107,Jovic,N. Jovic,234,43,24,Missed,1,,,0,h,MISS Jovic 24' 3PT Jump Shot,Missed Shot,Jump Shot,1,0
79,106,PT04M44.00S,1,1610612764,WAS,204001,Porzingis,K. Porzingis,0,0,0,,0,,,0,v,Porzingis REBOUND (Off:0 Def:4),Rebound,Unknown,1,0
80,107,PT04M36.00S,1,1610612764,WAS,204001,Porzingis,K. Porzingis,9,272,27,Missed,1,,,0,v,MISS Porzingis 27' 3PT Jump Shot,Missed Shot,Jump Shot,1,0
81,108,PT04M32.00S,1,1610612748,MIA,1629312,Highsmith,H. Highsmith,0,0,0,,0,,,0,h,Highsmith REBOUND (Off:0 Def:1),Rebound,Unknown,1,0
82,109,PT04M29.00S,1,1610612764,WAS,204001,Porzingis,K. Porzingis,0,0,0,,0,,,0,v,Porzingis P.FOUL (P2.T4) (M.Boland),Foul,Personal,1,0
83,111,PT04M14.00S,1,1610612748,MIA,1631107,Jovic,N. Jovic,-235,36,24,Missed,1,,,0,h,MISS Jovic 24' 3PT Jump Shot,Missed Shot,Jump Shot,1,0
84,112,PT04M11.00S,1,1610612764,WAS,203115,Barton,W. Barton,0,0,0,,0,,,0,v,Barton REBOUND (Off:0 Def:2),Rebound,Unknown,1,0
85,113,PT04M00.00S,1,1610612764,WAS,203115,Barton,W. Barton,-97,159,19,Made,1,15,21,36,v,Barton 19' Pullup Jump Shot (2 PTS),Made Shot,Pullup Jump shot,1,0
86,114,PT03M47.00S,1,1610612748,MIA,200768,Lowry,K. Lowry,-132,280,31,Made,1,18,21,39,h,Lowry 31' 3PT Jump Shot (8 PTS) (Highsmith 1 AST),Made Shot,Jump Shot,1,0
87,116,PT03M27.00S,1,1610612764,WAS,204001,Porzingis,K. Porzingis,-9,72,7,Missed,1,,,0,v,MISS Porzingis 7' Floating Jump Shot,Missed Shot,Floating Jump shot,1,0
88,117,PT03M24.00S,1,1610612748,MIA,1628389,Adebayo,B. Adebayo,0,0,0,,0,,,0,h,Adebayo REBOUND (Off:1 Def:1),Rebound,Unknown,1,0
89,118,PT03M22.00S,1,1610612748,MIA,1631107,Jovic,N. Jovic,11,8,1,Missed,1,,,0,h,MISS Jovic 1' Running Layup,Missed Shot,Running Layup Shot,1,0
90,120,PT03M22.00S,1,0,,1610612748,,,0,0,0,,0,,,0,h,HEAT Rebound,Rebound,Unknown,1,0
91,122,PT03M22.00S,1,1610612748,MIA,1628389,Adebayo,B. Adebayo,0,0,0,,0,,,0,h,SUB: Dedmon FOR Adebayo,Substitution,,0,0
92,123,PT03M22.00S,1,1610612764,WAS,1630557,Kispert,C. Kispert,0,0,0,,0,,,0,v,SUB: Goodwin FOR Kispert,Substitution,,0,0
93,126,PT03M12.00S,1,1610612748,MIA,1629216,Vincent,G. Vincent,-169,189,25,Missed,1,,,0,h,MISS Vincent 25' 3PT Jump Shot,Missed Shot,Jump Shot,1,0
94,127,PT03M04.00S,1,1610612764,WAS,1631098,Davis,J. Davis,0,0,0,,0,,,0,v,Davis REBOUND (Off:0 Def:1),Rebound,Unknown,1,0
95,128,PT02M56.00S,1,1610612748,MIA,203473,Dedmon,D. Dedmon,0,0,0,,0,,,0,h,Dedmon S.FOUL (P1.PN) (S.Wall),Foul,Shooting,1,0
96,130,PT02M56.00S,1,0,,1610612748,,,0,0,0,,0,,,0,h,HEAT Timeout: Regular (Full 1 Short 0),Timeout,Regular,0,0
97,131,PT02M56.00S,1,1610612764,WAS,1630166,Avdija,D. Avdija,0,0,0,,0,,,0,v,SUB: Kuzma FOR Avdija,Substitution,,0,0
98,133,PT02M56.00S,1,1610612764,WAS,204001,Porzingis,K. Porzingis,0,0,0,,0,,,0,v,MISS Porzingis Free Throw 1 of 2,Free Throw,Free Throw 1 of 2,1,0
99,134,PT02M56.00S,1,0,,1610612764,,,0,0,0,,0,,,0,v,Wizards Rebound,Rebound,Normal Rebound,0,0
100,135,PT02M56.00S,1,1610612764,WAS,204001,Porzingis,K. Porzingis,0,0,0,,0,,,0,v,MISS Porzingis Free Throw 2 of 2,Free Throw,Free Throw 2 of 2,1,0
101,136,PT02M53.00S,1,1610612748,MIA,1631107,Jovic,N. Jovic,0,0,0,,0,,,0,h,Jovic REBOUND (Off:0 Def:3),Rebound,Unknown,1,0
102,137,PT02M37.00S,1,1610612748,MIA,203473,Dedmon,D. Dedmon,11,74,7,Missed,1,,,0,h,MISS Dedmon 7' Turnaround Hook Shot,Missed Shot,Turnaround Hook Shot,1,0
103,138,PT02M35.00S,1,1610612764,WAS,1628398,Kuzma,K. Kuzma,0,0,0,,0,,,0,v,Kuzma REBOUND (Off:0 Def:2),Rebound,Unknown,1,0
104,139,PT02M28.00S,1,1610612764,WAS,1628398,Kuzma,K. Kuzma,23,19,3,Missed,1,,,0,v,MISS Kuzma 3' Driving Layup,Missed Shot,Driving Layup Shot,1,0
105,140,PT02M26.00S,1,1610612748,MIA,1631107,Jovic,N. Jovic,0,0,0,,0,,,0,h,Jovic REBOUND (Off:0 Def:4),Rebound,Unknown,1,0
106,141,PT02M25.00S,1,1610612748,MIA,1631107,Jovic,N. Jovic,0,0,0,,0,,,0,h,Jovic Discontinue Dribble Turnover (P2.T3),Turnover,Discontinue Dribble,1,0
107,142,PT02M25.00S,1,1610612764,WAS,204001,Porzingis,K. Porzingis,0,0,0,,0,,,0,v,SUB: Gafford FOR Porzingis,Substitution,,0,0
108,144,PT02M14.00S,1,1610612764,WAS,1630692,Goodwin,J. Goodwin,229,71,24,Missed,1,,,0,v,MISS Goodwin 24' 3PT Jump Shot,Missed Shot,Jump Shot,1,0
109,145,PT02M11.00S,1,1610612748,MIA,1629312,Highsmith,H. Highsmith,0,0,0,,0,,,0,h,Highsmith REBOUND (Off:0 Def:2),Rebound,Unknown,1,0
110,147,PT02M04.00S,1,1610612748,MIA,1631107,Jovic,N. Jovic,0,0,0,,0,,,0,h,SUB: Martin FOR Jovic,Substitution,,0,0
111,149,PT01M53.00S,1,1610612748,MIA,203473,Dedmon,D. Dedmon,-18,21,3,Made,1,20,21,41,h,Dedmon 3' Layup (2 PTS) (Vincent 1 AST),Made Shot,Layup Shot,1,0
112,151,PT01M43.00S,1,1610612764,WAS,1628398,Kuzma,K. Kuzma,15,36,4,Missed,1,,,0,v,MISS Kuzma 4' Driving Floating Jump Shot,Missed Shot,Driving Floating Jump Shot,1,0
113,152,PT01M39.00S,1,1610612748,MIA,203473,Dedmon,D. Dedmon,0,0,0,,0,,,0,h,Dedmon REBOUND (Off:0 Def:1),Rebound,Unknown,1,0
114,153,PT01M35.00S,1,1610612748,MIA,200768,Lowry,K. Lowry,-17,268,27,Made,1,23,21,44,h,Lowry 27' 3PT Jump Shot (11 PTS),Made Shot,Jump Shot,1,0
115,154,PT01M17.00S,1,1610612764,WAS,203115,Barton,W. Barton,147,218,26,Missed,1,,,0,v,MISS Barton 26' 3PT Jump Shot,Missed Shot,Jump Shot,1,0
116,155,PT01M14.00S,1,1610612748,MIA,1629312,Highsmith,H. Highsmith,0,0,0,,0,,,0,h,Highsmith REBOUND (Off:0 Def:3),Rebound,Unknown,1,0
117,156,PT00M57.50S,1,1610612764,WAS,1629655,Gafford,D. Gafford,0,0,0,,0,,,0,v,Gafford S.FOUL (P1.PN) (S.Wall),Foul,Shooting,1,0
118,158,PT00M57.50S,1,1610612748,MIA,203473,Dedmon,D. Dedmon,0,0,0,,0,24,21,45,h,Dedmon Free Throw 1 of 2 (3 PTS),Free Throw,Free Throw 1 of 2,0,0
119,159,PT00M57.50S,1,1610612748,MIA,203473,Dedmon,D. Dedmon,0,0,0,,0,25,21,46,h,Dedmon Free Throw 2 of 2 (4 PTS),Free Throw,Free Throw 2 of 2,1,0
120,160,PT00M40.00S,1,1610612764,WAS,1628398,Kuzma,K. Kuzma,-239,46,24,Missed,1,,,0,v,MISS Kuzma 24' 3PT Jump Shot,Missed Shot,Jump Shot,1,0
121,161,PT00M39.80S,1,1610612764,WAS,1629655,Gafford,D. Gafford,0,0,0,,0,,,0,v,Gafford REBOUND (Off:1 Def:0),Rebound,Unknown,1,0
122,162,PT00M39.80S,1,1610612764,WAS,1629655,Gafford,D. Gafford,0,0,0,Made,1,25,23,48,v,Gafford Tip Dunk Shot (2 PTS),Made Shot,Tip Dunk Shot,1,0
123,163,PT00M32.30S,1,1610612748,MIA,200768,Lowry,K. Lowry,-1,264,26,Made,1,28,23,51,h,Lowry 26' 3PT Jump Shot (14 PTS) (Vincent 2 AST),Made Shot,Jump Shot,1,0
124,165,PT00M15.60S,1,1610612764,WAS,1628398,Kuzma,K. Kuzma,-224,121,25,Made,1,28,26,54,v,Kuzma 25' 3PT Jump Shot (10 PTS) (Barton 1 AST),Made Shot,Jump Shot,1,0
125,167,PT00M00.20S,1,1610612748,MIA,200768,Lowry,K. Lowry,-17,15,2,Missed,1,,,0,h,MISS Lowry 2' Driving Layup,Missed Shot,Driving Layup Shot,1,0
126,167,PT00M00.20S,1,1610612764,WAS,1631098,Davis,J. Davis,0,0,0,,0,,,0,v,Davis BLOCK (1 BLK),,,1,0
127,169,PT00M00.20S,1,0,,1610612748,,,0,0,0,,0,,,0,h,HEAT Rebound,Rebound,Unknown,1,0
128,170,PT00M00.00S,1,0,,0,,,0,0,0,,0,28,26,54,,End of 1st Period (8:12 PM EST),period,end,1,0
129,175,PT12M00.00S,2,0,,0,,,0,0,0,,0,28,26,54,,Start of 2nd Period (8:15 PM EST),period,start,0,0
130,176,PT11M45.00S,2,1610612748,MIA,1629216,Vincent,G. Vincent,17,11,2,Made,1,30,26,56,h,Vincent 2' Driving Dunk (2 PTS) (Dedmon 1 AST),Made Shot,Driving Dunk Shot,1,0
131,177,PT11M32.00S,2,1610612764,WAS,1628398,Kuzma,K. Kuzma,241,19,24,Missed,1,,,0,v,MISS Kuzma 24' 3PT Jump Shot,Missed Shot,Jump Shot,1,0
132,178,PT11M29.00S,2,1610612764,WAS,1629655,Gafford,D. Gafford,0,0,0,,0,,,0,v,Gafford REBOUND (Off:2 Def:0),Rebound,Unknown,1,0
133,179,PT11M29.00S,2,1610612748,MIA,1629639,Herro,T. Herro,0,0,0,,0,,,0,h,Herro P.FOUL (P3.T1) (S.Wall),Foul,Personal,1,0
134,181,PT11M29.00S,2,1610612748,MIA,1629639,Herro,T. Herro,0,0,0,,0,,,0,h,SUB: Cain FOR Herro,Substitution,,0,0
135,183,PT11M13.00S,2,1610612764,WAS,1629655,Gafford,D. Gafford,-21,35,4,Missed,1,,,0,v,MISS Gafford 4' Driving Finger Roll Layup,Missed Shot,Driving Finger Roll Layup Shot,1,0
136,184,PT11M10.00S,2,1610612748,MIA,1628997,Martin,C. Martin,0,0,0,,0,,,0,h,Martin REBOUND (Off:0 Def:2),Rebound,Unknown,1,0
137,185,PT11M04.00S,2,1610612764,WAS,1630692,Goodwin,J. Goodwin,0,0,0,,0,,,0,v,Goodwin P.FOUL (P1.T1) (B.Taylor),Foul,Personal,1,0
138,187,PT10M57.00S,2,1610612748,MIA,1629216,Vincent,G. Vincent,-136,223,26,Missed,1,,,0,h,MISS Vincent 26' 3PT Jump Shot,Missed Shot,Jump Shot,1,0
139,188,PT10M53.00S,2,1610612764,WAS,203115,Barton,W. Barton,0,0,0,,0,,,0,v,Barton REBOUND (Off:0 Def:3),Rebound,Unknown,1,0
140,189,PT10M47.00S,2,1610612764,WAS,1629655,Gafford,D. Gafford,4,9,1,Made,1,30,28,58,v,Gafford 1' Dunk (4 PTS) (Barton 2 AST),Made Shot,Dunk Shot,1,0
141,191,PT10M34.00S,2,1610612748,MIA,1628997,Martin,C. Martin,21,6,2,Missed,1,,,0,h,MISS Martin 2' Driving Layup,Missed Shot,Driving Layup Shot,1,0
142,192,PT10M32.00S,2,1610612764,WAS,1629655,Gafford,D. Gafford,0,0,0,,0,,,0,v,Gafford REBOUND (Off:2 Def:1),Rebound,Unknown,1,0
143,193,PT10M27.00S,2,1610612764,WAS,203115,Barton,W. Barton,23,261,26,Missed,1,,,0,v,MISS Barton 26' 3PT Pullup Jump Shot,Missed Shot,Pullup Jump shot,1,0
144,194,PT10M24.00S,2,1610612748,MIA,203473,Dedmon,D. Dedmon,0,0,0,,0,,,0,h,Dedmon REBOUND (Off:0 Def:2),Rebound,Unknown,1,0
145,195,PT10M19.00S,2,1610612748,MIA,1629312,Highsmith,H. Highsmith,235,22,24,Missed,1,,,0,h,MISS Highsmith 24' 3PT Jump Shot,Missed Shot,Jump Shot,1,0
146,196,PT10M11.00S,2,1610612748,MIA,1631288,Cain,J. Cain,0,0,0,,0,,,0,h,Cain REBOUND (Off:1 Def:0),Rebound,Unknown,1,0
147,197,PT10M11.00S,2,1610612748,MIA,1631288,Cain,J. Cain,0,0,0,Made,1,32,28,60,h,Cain Tip Layup Shot (2 PTS),Made Shot,Tip Layup Shot,1,0
148,198,PT10M00.00S,2,1610612764,WAS,1629655,Gafford,D. Gafford,-2,37,4,Missed,1,,,0,v,MISS Gafford 4' Jump Shot,Missed Shot,Jump Shot,1,0
149,198,PT10M00.00S,2,1610612748,MIA,203473,Dedmon,D. Dedmon,0,0,0,,0,,,0,h,Dedmon BLOCK (1 BLK),,,1,0
150,199,PT10M00.00S,2,0,,1610612764,,,0,0,0,,0,,,0,v,Wizards Rebound,Rebound,Unknown,1,0
151,201,PT10M00.00S,2,1610612748,MIA,203473,Dedmon,D. Dedmon,0,0,0,,0,,,0,h,SUB: Adebayo FOR Dedmon,Substitution,,0,0
152,203,PT09M56.00S,2,1610612764,WAS,1628398,Kuzma,K. Kuzma,239,30,24,Missed,1,,,0,v,MISS Kuzma 24' 3PT Jump Shot,Missed Shot,Jump Shot,1,0
153,204,PT09M51.00S,2,1610612748,MIA,1628997,Martin,C. Martin,0,0,0,,0,,,0,h,Martin REBOUND (Off:0 Def:3),Rebound,Unknown,1,0
154,205,PT09M39.00S,2,1610612748,MIA,1628997,Martin,C. Martin,-172,211,27,Missed,1,,,0,h,MISS Martin 27' 3PT Jump Shot,Missed Shot,Jump Shot,1,0
155,206,PT09M35.00S,2,1610612764,WAS,1629655,Gafford,D. Gafford,0,0,0,,0,,,0,v,Gafford REBOUND (Off:2 Def:2),Rebound,Unknown,1,0
156,207,PT09M19.00S,2,1610612764,WAS,1630557,Kispert,C. Kispert,225,100,25,Missed,1,,,0,v,MISS Kispert 25' 3PT Jump Shot,Missed Shot,Jump Shot,1,0
157,208,PT09M16.00S,2,1610612748,MIA,1631288,Cain,J. Cain,0,0,0,,0,,,0,h,Cain REBOUND (Off:1 Def:1),Rebound,Unknown,1,0
158,209,PT09M00.00S,2,1610612748,MIA,1629312,Highsmith,H. Highsmith,-65,41,8,Missed,1,,,0,h,MISS Highsmith 8' Jump Shot,Missed Shot,Jump Shot,1,0
159,213,PT09M00.00S,2,1610612764,WAS,203115,Barton,W. Barton,0,0,0,,0,,,0,v,Barton REBOUND (Off:0 Def:4),Rebound,Unknown,1,0
160,212,PT08M49.00S,2,1610612764,WAS,203115,Barton,W. Barton,-18,34,4,Made,1,32,30,62,v,Barton 4' Driving Layup (4 PTS),Made Shot,Driving Layup Shot,1,0
161,215,PT08M41.00S,2,1610612748,MIA,1629216,Vincent,G. Vincent,0,0,0,,0,,,0,h,SUB: Lowry FOR Vincent,Substitution,,0,0
162,217,PT08M38.00S,2,1610612748,MIA,1628389,Adebayo,B. Adebayo,5,28,3,Made,1,34,30,64,h,Adebayo 3' Driving Layup (2 PTS) (Lowry 3 AST),Made Shot,Driving Layup Shot,1,0
163,218,PT08M38.00S,2,1610612764,WAS,1629655,Gafford,D. Gafford,0,0,0,,0,,,0,v,Gafford S.FOUL (P2.T2) (S.Wall),Foul,Shooting,1,0
164,221,PT08M38.00S,2,1610612764,WAS,1630692,Goodwin,J. Goodwin,0,0,0,,0,,,0,v,SUB: Porzingis FOR Goodwin,Substitution,,0,0
165,222,PT08M38.00S,2,1610612764,WAS,1629655,Gafford,D. Gafford,0,0,0,,0,,,0,v,SUB: Avdija FOR Gafford,Substitution,,0,0
166,225,PT08M38.00S,2,1610612748,MIA,1628389,Adebayo,B. Adebayo,0,0,0,,0,35,30,65,h,Adebayo Free Throw 1 of 1 (3 PTS),Free Throw,Free Throw 1 of 1,1,0
167,226,PT08M24.00S,2,1610612764,WAS,1630166,Avdija,D. Avdija,0,0,0,,0,,,0,v,Avdija Traveling Turnover (P1.T5),Turnover,Traveling,1,0
168,227,PT08M24.00S,2,1610612764,WAS,1628398,Kuzma,K. Kuzma,0,0,0,,0,,,0,v,SUB: Gill FOR Kuzma,Substitution,,0,0
169,229,PT08M06.00S,2,1610612748,MIA,1629312,Highsmith,H. Highsmith,-42,102,11,Missed,1,,,0,h,MISS Highsmith 11' Floating Jump Shot,Missed Shot,Floating Jump shot,1,0
170,230,PT08M04.00S,2,1610612764,WAS,203115,Barton,W. Barton,0,0,0,,0,,,0,v,Barton REBOUND (Off:0 Def:5),Rebound,Unknown,1,0
171,231,PT07M53.00S,2,1610612764,WAS,204001,Porzingis,K. Porzingis,-15,13,2,Made,1,35,32,67,v,Porzingis 2' Driving Layup (6 PTS) (Barton 3 AST),Made Shot,Driving Layup Shot,1,0
172,233,PT07M36.00S,2,1610612748,MIA,1631288,Cain,J. Cain,-233,15,0,Missed,1,,,0,h,MISS Cain 3PT Jump Shot,Missed Shot,Jump Shot,1,0
173,234,PT07M34.00S,2,1610612764,WAS,204001,Porzingis,K. Porzingis,0,0,0,,0,,,0,v,Porzingis REBOUND (Off:0 Def:5),Rebound,Unknown,1,0
174,235,PT07M30.00S,2,1610612764,WAS,203115,Barton,W. Barton,0,0,0,,0,,,0,v,Barton Lost Ball Turnover (P2.T6),Turnover,Lost Ball,1,0
175,235,PT07M30.00S,2,1610612748,MIA,1631288,Cain,J. Cain,0,0,0,,0,,,0,h,Cain STEAL (1 STL),,,1,0
176,237,PT07M27.00S,2,1610612764,WAS,1630264,Gill,A. Gill,0,0,0,,0,,,0,v,Gill S.FOUL (P1.T3) (M.Boland),Foul,Shooting,1,0
177,240,PT07M27.00S,2,1610612748,MIA,1631288,Cain,J. Cain,0,0,0,,0,36,32,68,h,Cain Free Throw 1 of 2 (3 PTS),Free Throw,Free Throw 1 of 2,1,0
178,241,PT07M27.00S,2,1610612748,MIA,1631288,Cain,J. Cain,0,0,0,,0,37,32,69,h,Cain Free Throw 2 of 2 (4 PTS),Free Throw,Free Throw 2 of 2,1,0
179,243,PT07M10.00S,2,1610612764,WAS,1630166,Avdija,D. Avdija,6,10,1,Made,1,37,34,71,v,Avdija 1' Cutting Layup Shot (7 PTS) (Porzingis 1 AST),Made Shot,Cutting Layup Shot,1,0
180,245,PT06M55.00S,2,1610612748,MIA,1628997,Martin,C. Martin,-234,33,24,Made,1,40,34,74,h,Martin 24' 3PT Jump Shot (9 PTS),Made Shot,Jump Shot,1,0
181,246,PT06M37.00S,2,1610612764,WAS,204001,Porzingis,K. Porzingis,0,0,0,,0,,,0,v,Porzingis Out of Bounds - Bad Pass Turnover Turnover (P2.T7),Turnover,Out of Bounds - Bad Pass Turnover,1,0
182,247,PT06M37.00S,2,0,,1610612748,,,0,0,0,,0,,,0,h,HEAT Timeout: Regular (Full 2 Short 0),Timeout,Regular,0,0
183,248,PT06M20.00S,2,1610612748,MIA,200768,Lowry,K. Lowry,147,226,27,Made,1,43,34,77,h,Lowry 27' 3PT Jump Shot (17 PTS) (Cain 1 AST),Made Shot,Jump Shot,1,0
184,250,PT06M09.00S,2,1610612764,WAS,1630166,Avdija,D. Avdija,162,203,26,Made,1,43,37,80,v,Avdija 26' 3PT Pullup Jump Shot (10 PTS),Made Shot,Pullup Jump shot,1,0
185,251,PT05M54.00S,2,1610612748,MIA,1628389,Adebayo,B. Adebayo,0,0,0,,0,,,0,h,Adebayo Traveling Turnover (P1.T4),Turnover,Traveling,1,0
186,252,PT05M43.00S,2,1610612764,WAS,204001,Porzingis,K. Porzingis,-2,103,10,Missed,1,,,0,v,MISS Porzingis 10' Turnaround Hook Shot,Missed Shot,Turnaround Hook Shot,1,0
187,253,PT05M40.00S,2,1610612748,MIA,1629312,Highsmith,H. Highsmith,0,0,0,,0,,,0,h,Highsmith REBOUND (Off:0 Def:4),Rebound,Unknown,1,0
188,254,PT05M38.00S,2,1610612764,WAS,1630166,Avdija,D. Avdija,0,0,0,,0,,,0,v,Avdija S.FOUL (P2.T4) (S.Wall),Foul,Shooting,1,0
189,256,PT05M38.00S,2,1610612748,MIA,200768,Lowry,K. Lowry,0,0,0,,0,44,37,81,h,Lowry Free Throw 1 of 2 (18 PTS),Free Throw,Free Throw 1 of 2,1,0
190,257,PT05M38.00S,2,1610612748,MIA,1628997,Martin,C. Martin,0,0,0,,0,,,0,h,SUB: Vincent FOR Martin,Substitution,,0,0
191,258,PT05M38.00S,2,1610612764,WAS,203115,Barton,W. Barton,0,0,0,,0,,,0,v,SUB: Kuzma FOR Barton,Substitution,,0,0
192,261,PT05M38.00S,2,1610612748,MIA,200768,Lowry,K. Lowry,0,0,0,,0,45,37,82,h,Lowry Free Throw 2 of 2 (19 PTS),Free Throw,Free Throw 2 of 2,1,0
193,262,PT05M18.00S,2,1610612764,WAS,1630264,Gill,A. Gill,0,0,0,,0,,,0,v,Gill Bad Pass Turnover (P1.T8),Turnover,Bad Pass,1,0
194,262,PT05M18.00S,2,1610612748,MIA,1631288,Cain,J. Cain,0,0,0,,0,,,0,h,Cain STEAL (2 STL),,,1,0
195,264,PT05M14.00S,2,1610612748,MIA,1631288,Cain,J. Cain,6,10,1,Made,1,47,37,84,h,Cain 1' Running Dunk (6 PTS),Made Shot,Running Dunk Shot,1,0
196,265,PT05M01.00S,2,1610612764,WAS,204001,Porzingis,K. Porzingis,137,224,26,Missed,1,,,0,v,MISS Porzingis 26' 3PT Jump Shot,Missed Shot,Jump Shot,1,0
197,266,PT04M56.00S,2,1610612748,MIA,1631288,Cain,J. Cain,0,0,0,,0,,,0,h,Cain REBOUND (Off:1 Def:2),Rebound,Unknown,1,0
198,267,PT04M54.00S,2,1610612748,MIA,200768,Lowry,K. Lowry,-191,193,27,Made,1,50,37,87,h,Lowry 27' 3PT Jump Shot (22 PTS) (Cain 2 AST),Made Shot,Jump Shot,1,0
199,269,PT04M54.00S,2,0,,1610612764,,,0,0,0,,0,,,0,v,Wizards Timeout: Regular (Reg.2 Short 0),Timeout,Regular,0,0
200,319,PT04M54.00S,2,1610612764,WAS,1630264,Gill,A. Gill,0,0,0,,0,,,0,v,SUB: Goodwin FOR Gill,Substitution,,0,0
201,272,PT04M29.00S,2,1610612764,WAS,1628398,Kuzma,K. Kuzma,162,221,27,Missed,1,,,0,v,MISS Kuzma 27' 3PT Jump Shot,Missed Shot,Jump Shot,1,0
202,273,PT04M25.00S,2,1610612748,MIA,1629312,Highsmith,H. Highsmith,0,0,0,,0,,,0,h,Highsmith REBOUND (Off:0 Def:5),Rebound,Unknown,1,0
203,274,PT04M09.00S,2,1610612748,MIA,1628389,Adebayo,B. Adebayo,-5,109,11,Missed,1,,,0,h,MISS Adebayo 11' Floating Jump Shot,Missed Shot,Floating Jump shot,1,0
204,275,PT04M09.00S,2,1610612748,MIA,1628389,Adebayo,B. Adebayo,0,0,0,,0,,,0,h,Adebayo REBOUND (Off:2 Def:1),Rebound,Unknown,1,0
205,276,PT04M09.00S,2,1610612764,WAS,204001,Porzingis,K. Porzingis,0,0,0,,0,,,0,v,Porzingis S.FOUL (P3.PN) (B.Taylor),Foul,Shooting,1,0
206,280,PT04M09.00S,2,1610612748,MIA,1628389,Adebayo,B. Adebayo,0,0,0,,0,51,37,88,h,Adebayo Free Throw 1 of 2 (4 PTS),Free Throw,Free Throw 1 of 2,1,0
207,284,PT04M09.00S,2,1610612748,MIA,1628389,Adebayo,B. Adebayo,0,0,0,,0,52,37,89,h,Adebayo Free Throw 2 of 2 (5 PTS),Free Throw,Free Throw 2 of 2,1,0
208,281,PT04M09.00S,2,1610612764,WAS,204001,Porzingis,K. Porzingis,0,0,0,,0,,,0,v,SUB: Gafford FOR Porzingis,Substitution,,0,0
209,285,PT04M00.00S,2,1610612764,WAS,1628398,Kuzma,K. Kuzma,-10,109,11,Missed,1,,,0,v,MISS Kuzma 11' Floating Jump Shot,Missed Shot,Floating Jump shot,1,0
210,286,PT03M59.00S,2,1610612748,MIA,1628389,Adebayo,B. Adebayo,0,0,0,,0,,,0,h,Adebayo REBOUND (Off:2 Def:2),Rebound,Unknown,1,0
211,287,PT03M59.00S,2,1610612764,WAS,1629655,Gafford,D. Gafford,0,0,0,,0,,,0,v,Gafford P.FOUL (P3.PN) (M.Boland),Foul,Personal,1,0
212,289,PT03M59.00S,2,1610612748,MIA,1628389,Adebayo,B. Adebayo,0,0,0,,0,53,37,90,h,Adebayo Free Throw 1 of 2 (6 PTS),Free Throw,Free Throw 1 of 2,1,0
213,290,PT03M59.00S,2,1610612748,MIA,1628389,Adebayo,B. Adebayo,0,0,0,,0,54,37,91,h,Adebayo Free Throw 2 of 2 (7 PTS),Free Throw,Free Throw 2 of 2,1,0
214,291,PT03M51.00S,2,1610612748,MIA,1628389,Adebayo,B. Adebayo,0,0,0,,0,,,0,h,Adebayo S.FOUL (P2.T2) (B.Taylor),Foul,Shooting,1,0
215,293,PT03M51.00S,2,1610612764,WAS,1628398,Kuzma,K. Kuzma,0,0,0,,0,54,38,92,v,Kuzma Free Throw 1 of 2 (11 PTS),Free Throw,Free Throw 1 of 2,0,0
216,294,PT03M51.00S,2,1610612764,WAS,1628398,Kuzma,K. Kuzma,0,0,0,,0,,,0,v,MISS Kuzma Free Throw 2 of 2,Free Throw,Free Throw 2 of 2,1,0
217,295,PT03M42.00S,2,1610612748,MIA,1628389,Adebayo,B. Adebayo,0,0,0,,0,,,0,h,Adebayo REBOUND (Off:2 Def:3),Rebound,Unknown,1,0
218,296,PT03M40.00S,2,1610612748,MIA,1629216,Vincent,G. Vincent,218,125,25,Missed,1,,,0,h,MISS Vincent 25' 3PT Jump Shot,Missed Shot,Jump Shot,1,0
219,297,PT03M36.00S,2,1610612764,WAS,1629655,Gafford,D. Gafford,0,0,0,,0,,,0,v,Gafford REBOUND (Off:2 Def:3),Rebound,Unknown,1,0
220,298,PT03M32.00S,2,1610612764,WAS,1630692,Goodwin,J. Goodwin,-7,96,10,Made,1,54,40,94,v,Goodwin 10' Jump Shot (2 PTS),Made Shot,Jump Shot,1,0
221,299,PT03M32.00S,2,1610612748,MIA,1631288,Cain,J. Cain,0,0,0,,0,,,0,h,Cain S.FOUL (P1.T3) (B.Taylor),Foul,Shooting,1,0
222,301,PT03M32.00S,2,1610612764,WAS,1630692,Goodwin,J. Goodwin,0,0,0,,0,54,41,95,v,Goodwin Free Throw 1 of 1 (3 PTS),Free Throw,Free Throw 1 of 1,1,0
223,302,PT03M15.00S,2,1610612748,MIA,1631288,Cain,J. Cain,15,8,2,Missed,1,,,0,h,MISS Cain 2' Reverse Layup,Missed Shot,Reverse Layup Shot,1,0
224,303,PT03M13.00S,2,1610612748,MIA,1631288,Cain,J. Cain,0,0,0,,0,,,0,h,Cain REBOUND (Off:2 Def:2),Rebound,Unknown,1,0
225,304,PT03M11.00S,2,1610612748,MIA,1631288,Cain,J. Cain,28,32,4,Missed,1,,,0,h,MISS Cain 4' Layup,Missed Shot,Layup Shot,1,0
226,305,PT03M08.00S,2,1610612748,MIA,1628389,Adebayo,B. Adebayo,0,0,0,,0,,,0,h,Adebayo REBOUND (Off:3 Def:3),Rebound,Unknown,1,0
227,306,PT03M06.00S,2,1610612748,MIA,1628389,Adebayo,B. Adebayo,10,13,2,Made,1,56,41,97,h,Adebayo 2' Layup (9 PTS),Made Shot,Layup Shot,1,0
228,307,PT02M47.00S,2,1610612764,WAS,1628398,Kuzma,K. Kuzma,-15,16,2,Made,1,56,43,99,v,Kuzma 2' Layup (13 PTS) (Kispert 1 AST),Made Shot,Layup Shot,1,0
229,309,PT02M35.00S,2,1610612748,MIA,1629216,Vincent,G. Vincent,-55,68,9,Missed,1,,,0,h,MISS Vincent 9' Driving Floating Jump Shot,Missed Shot,Driving Floating Jump Shot,1,0
230,310,PT02M30.00S,2,1610612748,MIA,1628389,Adebayo,B. Adebayo,0,0,0,,0,,,0,h,Adebayo REBOUND (Off:4 Def:3),Rebound,Unknown,1,0
231,311,PT02M30.00S,2,1610612748,MIA,1628389,Adebayo,B. Adebayo,0,0,0,Made,1,58,43,101,h,Adebayo Tip Layup Shot (11 PTS),Made Shot,Tip Layup Shot,1,0
232,312,PT02M19.00S,2,1610612764,WAS,1630692,Goodwin,J. Goodwin,-2,117,12,Missed,1,,,0,v,MISS Goodwin 12' Jump Shot,Missed Shot,Jump Shot,1,0
233,313,PT02M16.00S,2,1610612748,MIA,1629216,Vincent,G. Vincent,0,0,0,,0,,,0,h,Vincent REBOUND (Off:0 Def:1),Rebound,Unknown,1,0
234,314,PT02M10.00S,2,1610612748,MIA,200768,Lowry,K. Lowry,-157,222,27,Missed,1,,,0,h,MISS Lowry 27' 3PT Jump Shot,Missed Shot,Jump Shot,1,0
235,315,PT02M08.00S,2,1610612748,MIA,1631288,Cain,J. Cain,0,0,0,,0,,,0,h,Cain REBOUND (Off:3 Def:2),Rebound,Unknown,1,0
236,317,PT02M08.00S,2,1610612748,MIA,1629216,Vincent,G. Vincent,0,0,0,,0,,,0,h,SUB: Martin FOR Vincent,Substitution,,0,0
237,320,PT01M54.00S,2,1610612748,MIA,1628389,Adebayo,B. Adebayo,97,144,17,Missed,1,,,0,h,MISS Adebayo 17' Jump Shot,Missed Shot,Jump Shot,1,0
238,321,PT01M51.00S,2,1610612748,MIA,1631288,Cain,J. Cain,0,0,0,,0,,,0,h,Cain REBOUND (Off:4 Def:2),Rebound,Unknown,1,0
239,322,PT01M41.00S,2,1610612748,MIA,200768,Lowry,K. Lowry,0,0,0,,0,,,0,h,Lowry Lost Ball Turnover (P2.T5),Turnover,Lost Ball,1,0
240,322,PT01M41.00S,2,1610612764,WAS,1629655,Gafford,D. Gafford,0,0,0,,0,,,0,v,Gafford STEAL (1 STL),,,1,0
241,324,PT01M36.00S,2,1610612764,WAS,1629655,Gafford,D. Gafford,0,0,0,,0,,,0,v,Gafford Lost Ball Turnover (P1.T9),Turnover,Lost Ball,1,0
242,324,PT01M36.00S,2,1610612748,MIA,1628997,Martin,C. Martin,0,0,0,,0,,,0,h,Martin STEAL (2 STL),,,1,0
243,326,PT01M32.00S,2,1610612748,MIA,1629312,Highsmith,H. Highsmith,232,43,24,Missed,1,,,0,h,MISS Highsmith 24' 3PT Jump Shot,Missed Shot,Jump Shot,1,0
244,327,PT01M31.00S,2,1610612748,MIA,1628997,Martin,C. Martin,0,0,0,,0,,,0,h,Martin REBOUND (Off:1 Def:3),Rebound,Unknown,1,0
245,328,PT01M31.00S,2,1610612748,MIA,1628997,Martin,C. Martin,0,0,0,Missed,1,,,0,h,MISS Martin Tip Dunk Shot,Missed Shot,Tip Dunk Shot,1,0
246,329,PT01M31.00S,2,0,,1610612748,,,0,0,0,,0,,,0,h,HEAT Rebound,Rebound,Unknown,1,0
247,331,PT01M31.00S,2,1610612748,MIA,1631288,Cain,J. Cain,0,0,0,,0,,,0,h,SUB: Vincent FOR Cain,Substitution,,0,0
248,333,PT01M19.00S,2,1610612748,MIA,1629216,Vincent,G. Vincent,219,173,28,Missed,1,,,0,h,MISS Vincent 28' 3PT Jump Shot,Missed Shot,Jump Shot,1,0
249,334,PT01M14.00S,2,1610612764,WAS,1629655,Gafford,D. Gafford,0,0,0,,0,,,0,v,Gafford REBOUND (Off:2 Def:4),Rebound,Unknown,1,0
250,335,PT00M59.40S,2,1610612764,WAS,1630166,Avdija,D. Avdija,-9,29,3,Missed,1,,,0,v,MISS Avdija 3' Driving Layup,Missed Shot,Driving Layup Shot,1,0
251,335,PT00M59.40S,2,1610612748,MIA,1628389,Adebayo,B. Adebayo,0,0,0,,0,,,0,h,Adebayo BLOCK (1 BLK),,,1,0
252,336,PT00M59.40S,2,1610612748,MIA,200768,Lowry,K. Lowry,0,0,0,,0,,,0,h,Lowry REBOUND (Off:1 Def:2),Rebound,Unknown,1,0
253,338,PT00M59.40S,2,1610612764,WAS,1630557,Kispert,C. Kispert,0,0,0,,0,,,0,v,Kispert P.FOUL (P1.PN) (M.Boland),Foul,Personal,1,0
254,340,PT00M59.40S,2,1610612748,MIA,200768,Lowry,K. Lowry,0,0,0,,0,59,43,102,h,Lowry Free Throw 1 of 2 (23 PTS),Free Throw,Free Throw 1 of 2,1,0
255,341,PT00M59.40S,2,1610612748,MIA,1628389,Adebayo,B. Adebayo,0,0,0,,0,,,0,h,SUB: Dedmon FOR Adebayo,Substitution,,0,0
256,343,PT00M59.40S,2,1610612748,MIA,200768,Lowry,K. Lowry,0,0,0,,0,60,43,103,h,Lowry Free Throw 2 of 2 (24 PTS),Free Throw,Free Throw 2 of 2,1,0
257,345,PT00M44.00S,2,1610612764,WAS,1630692,Goodwin,J. Goodwin,-26,5,3,Missed,1,,,0,v,MISS Goodwin 3' Cutting Layup Shot,Missed Shot,Cutting Layup Shot,1,0
258,345,PT00M44.00S,2,1610612748,MIA,203473,Dedmon,D. Dedmon,0,0,0,,0,,,0,h,Dedmon BLOCK (2 BLK),,,1,0
259,347,PT00M39.20S,2,1610612748,MIA,1629312,Highsmith,H. Highsmith,0,0,0,,0,,,0,h,Highsmith REBOUND (Off:0 Def:6),Rebound,Unknown,1,0
260,348,PT00M37.20S,2,1610612748,MIA,203473,Dedmon,D. Dedmon,136,212,25,Missed,1,,,0,h,MISS Dedmon 25' 3PT Jump Shot,Missed Shot,Jump Shot,1,0
261,349,PT00M34.90S,2,0,,1610612764,,,0,0,0,,0,,,0,v,Wizards Rebound,Rebound,Unknown,0,0
262,351,PT00M21.30S,2,1610612764,WAS,1628398,Kuzma,K. Kuzma,-223,42,0,Missed,1,,,0,v,MISS Kuzma 3PT Jump Shot,Missed Shot,Jump Shot,1,0
263,352,PT00M21.30S,2,0,,1610612764,,,0,0,0,,0,,,0,v,Wizards Rebound,Rebound,Unknown,0,0
264,353,PT00M21.30S,2,1610612748,MIA,200768,Lowry,K. Lowry,0,0,0,,0,,,0,h,Lowry L.B.FOUL (P2.T4) (M.Boland),Foul,Loose Ball,1,0
265,355,PT00M21.30S,2,1610612748,MIA,1629216,Vincent,G. Vincent,0,0,0,,0,,,0,h,SUB: Cain FOR Vincent,Substitution,,0,0
266,357,PT00M11.50S,2,1610612764,WAS,1630166,Avdija,D. Avdija,-163,203,26,Missed,1,,,0,v,MISS Avdija 26' 3PT Jump Shot,Missed Shot,Jump Shot,1,0
267,358,PT00M08.00S,2,1610612748,MIA,1628997,Martin,C. Martin,0,0,0,,0,,,0,h,Martin REBOUND (Off:1 Def:4),Rebound,Unknown,1,0
268,359,PT00M03.20S,2,1610612748,MIA,200768,Lowry,K. Lowry,0,0,0,,0,,,0,h,Lowry Traveling Turnover (P3.T6),Turnover,Traveling,1,0
269,360,PT00M00.00S,2,1610612764,WAS,1628398,Kuzma,K. Kuzma,-190,241,31,Missed,1,,,0,v,MISS Kuzma 31' 3PT Jump Shot,Missed Shot,Jump Shot,1,0
270,361,PT00M00.00S,2,0,,1610612764,,,0,0,0,,0,,,0,v,Wizards Rebound,Rebound,Unknown,1,0
271,362,PT00M00.00S,2,0,,0,,,0,0,0,,0,60,43,103,,End of 2nd Period (8:45 PM EST),period,end,1,0
272,371,PT12M00.00S,3,0,,0,,,0,0,0,,0,60,43,103,,Start of 3rd Period (9:00 PM EST),period,start,0,0
273,372,PT11M41.00S,3,1610612748,MIA,1631107,Jovic,N. Jovic,22,27,3,Missed,1,,,0,h,MISS Jovic 3' Driving Layup,Missed Shot,Driving Layup Shot,1,0
274,373,PT11M39.00S,3,1610612764,WAS,1630166,Avdija,D. Avdija,0,0,0,,0,,,0,v,Avdija REBOUND (Off:0 Def:2),Rebound,Unknown,1,0
275,374,PT11M32.00S,3,1610612764,WAS,204001,Porzingis,K. Porzingis,-13,18,2,Made,1,60,45,105,v,Porzingis 2' Driving Layup (8 PTS) (Avdija 4 AST),Made Shot,Driving Layup Shot,1,0
276,376,PT11M09.00S,3,1610612748,MIA,1631107,Jovic,N. Jovic,228,73,24,Made,1,63,45,108,h,Jovic 24' 3PT Jump Shot (7 PTS) (Martin 2 AST),Made Shot,Jump Shot,1,0
277,378,PT10M53.00S,3,1610612764,WAS,1630692,Goodwin,J. Goodwin,9,12,2,Missed,1,,,0,v,MISS Goodwin 2' Driving Layup,Missed Shot,Driving Layup Shot,1,0
278,378,PT10M53.00S,3,1610612748,MIA,200768,Lowry,K. Lowry,0,0,0,,0,,,0,h,Lowry BLOCK (1 BLK),,,1,0
279,380,PT10M49.00S,3,1610612748,MIA,200768,Lowry,K. Lowry,0,0,0,,0,,,0,h,Lowry REBOUND (Off:1 Def:3),Rebound,Unknown,1,0
280,381,PT10M43.00S,3,1610612748,MIA,1629639,Herro,T. Herro,4,272,27,Made,1,66,45,111,h,Herro 27' 3PT Jump Shot (3 PTS) (Martin 3 AST),Made Shot,Jump Shot,1,0
281,383,PT10M19.00S,3,1610612748,MIA,200768,Lowry,K. Lowry,0,0,0,,0,,,0,h,Lowry S.FOUL (P3.T1) (S.Wall),Foul,Shooting,1,0
282,385,PT10M19.00S,3,1610612764,WAS,204001,Porzingis,K. Porzingis,0,0,0,,0,66,46,112,v,Porzingis Free Throw 1 of 2 (9 PTS),Free Throw,Free Throw 1 of 2,1,0
283,386,PT10M19.00S,3,1610612764,WAS,204001,Porzingis,K. Porzingis,0,0,0,,0,,,0,v,MISS Porzingis Free Throw 2 of 2,Free Throw,Free Throw 2 of 2,1,0
284,388,PT10M19.00S,3,1610612748,MIA,1628389,Adebayo,B. Adebayo,0,0,0,,0,,,0,h,Adebayo REBOUND (Off:4 Def:4),Rebound,Unknown,1,0
285,387,PT10M07.00S,3,1610612748,MIA,1628389,Adebayo,B. Adebayo,0,0,0,,0,,,0,h,Adebayo Bad Pass Turnover (P2.T7),Turnover,Bad Pass,1,0
286,387,PT10M07.00S,3,1610612764,WAS,1630692,Goodwin,J. Goodwin,0,0,0,,0,,,0,v,Goodwin STEAL (1 STL),,,1,0
287,390,PT10M05.00S,3,1610612748,MIA,200768,Lowry,K. Lowry,0,0,0,,0,,,0,h,Lowry S.FOUL (P4.T2) (B.Taylor),Foul,Shooting,1,0
288,392,PT10M05.00S,3,1610612764,WAS,1628398,Kuzma,K. Kuzma,0,0,0,,0,66,47,113,v,Kuzma Free Throw 1 of 2 (14 PTS),Free Throw,Free Throw 1 of 2,1,0
289,393,PT10M05.00S,3,1610612764,WAS,1628398,Kuzma,K. Kuzma,0,0,0,,0,66,48,114,v,Kuzma Free Throw 2 of 2 (15 PTS),Free Throw,Free Throw 2 of 2,1,0
290,394,PT09M51.00S,3,1610612748,MIA,1629639,Herro,T. Herro,0,0,0,,0,,,0,h,Herro Out of Bounds - Bad Pass Turnover Turnover (P1.T8),Turnover,Out of Bounds - Bad Pass Turnover,1,0
291,395,PT09M39.00S,3,1610612764,WAS,204001,Porzingis,K. Porzingis,-227,22,0,Made,1,66,51,117,v,Porzingis 3PT Jump Shot (12 PTS) (Avdija 5 AST),Made Shot,Jump Shot,1,0
292,397,PT09M31.00S,3,1610612748,MIA,200768,Lowry,K. Lowry,-23,19,3,Missed,1,,,0,h,MISS Lowry 3' Driving Layup,Missed Shot,Driving Layup Shot,1,0
293,397,PT09M31.00S,3,1610612764,WAS,1630166,Avdija,D. Avdija,0,0,0,,0,,,0,v,Avdija BLOCK (1 BLK),,,1,0
294,399,PT09M26.00S,3,1610612764,WAS,204001,Porzingis,K. Porzingis,0,0,0,,0,,,0,v,Porzingis REBOUND (Off:0 Def:6),Rebound,Unknown,1,0
295,400,PT09M19.00S,3,1610612764,WAS,1628398,Kuzma,K. Kuzma,229,89,25,Missed,1,,,0,v,MISS Kuzma 25' 3PT Jump Shot,Missed Shot,Jump Shot,1,0
296,401,PT09M15.00S,3,1610612748,MIA,1631107,Jovic,N. Jovic,0,0,0,,0,,,0,h,Jovic REBOUND (Off:0 Def:5),Rebound,Unknown,1,0
297,402,PT09M07.00S,3,1610612748,MIA,1629639,Herro,T. Herro,115,274,30,Missed,1,,,0,h,MISS Herro 30' 3PT Jump Shot,Missed Shot,Jump Shot,1,0
298,403,PT09M03.00S,3,1610612764,WAS,1630557,Kispert,C. Kispert,0,0,0,,0,,,0,v,Kispert REBOUND (Off:0 Def:1),Rebound,Unknown,1,0
299,404,PT08M49.00S,3,1610612764,WAS,204001,Porzingis,K. Porzingis,-4,126,13,Made,1,66,53,119,v,Porzingis 13' Turnaround Fadeaway (14 PTS),Made Shot,Turnaround Fadeaway shot,1,0
300,405,PT08M49.00S,3,0,,1610612748,,,0,0,0,,0,,,0,h,HEAT Timeout: Regular (Full 3 Short 0),Timeout,Regular,0,0
301,406,PT08M49.00S,3,1610612748,MIA,1631107,Jovic,N. Jovic,0,0,0,,0,,,0,h,SUB: Highsmith FOR Jovic,Substitution,,0,0
302,408,PT08M25.00S,3,1610612748,MIA,1629639,Herro,T. Herro,-4,120,12,Made,1,68,53,121,h,Herro 12' Floating Jump Shot (5 PTS),Made Shot,Floating Jump shot,1,0
303,409,PT08M11.00S,3,1610612764,WAS,204001,Porzingis,K. Porzingis,6,1,1,Made,1,68,55,123,v,Porzingis 1' Dunk (16 PTS) (Kispert 2 AST),Made Shot,Dunk Shot,1,0
304,411,PT08M00.00S,3,1610612748,MIA,1629312,Highsmith,H. Highsmith,-180,78,20,Made,1,70,55,125,h,Highsmith 20' Jump Shot (2 PTS) (Herro 2 AST),Made Shot,Jump Shot,1,0
305,413,PT07M45.00S,3,1610612764,WAS,1628398,Kuzma,K. Kuzma,-11,1,1,Made,1,70,57,127,v,Kuzma 1' Dunk (17 PTS) (Goodwin 2 AST),Made Shot,Dunk Shot,1,0
306,415,PT07M25.00S,3,1610612748,MIA,1629639,Herro,T. Herro,-21,15,3,Missed,1,,,0,h,MISS Herro 3' Driving Layup,Missed Shot,Driving Layup Shot,1,0
307,416,PT07M22.00S,3,1610612764,WAS,1628398,Kuzma,K. Kuzma,0,0,0,,0,,,0,v,Kuzma REBOUND (Off:0 Def:3),Rebound,Unknown,1,0
308,417,PT07M16.00S,3,1610612764,WAS,1630166,Avdija,D. Avdija,6,-3,1,Made,1,70,59,129,v,Avdija 1' Cutting Layup Shot (12 PTS) (Kuzma 1 AST),Made Shot,Cutting Layup Shot,1,0
309,419,PT06M53.00S,3,1610612748,MIA,1628389,Adebayo,B. Adebayo,4,0,0,Missed,1,,,0,h,MISS Adebayo Driving Layup,Missed Shot,Driving Layup Shot,1,0
310,420,PT06M50.00S,3,1610612764,WAS,1628398,Kuzma,K. Kuzma,0,0,0,,0,,,0,v,Kuzma REBOUND (Off:0 Def:4),Rebound,Unknown,1,0
311,421,PT06M48.00S,3,1610612748,MIA,1628389,Adebayo,B. Adebayo,0,0,0,,0,,,0,h,Adebayo P.FOUL (P3.T3) (B.Taylor),Foul,Personal,1,0
312,423,PT06M39.00S,3,1610612764,WAS,204001,Porzingis,K. Porzingis,-137,256,29,Missed,1,,,0,v,MISS Porzingis 29' 3PT Jump Shot,Missed Shot,Jump Shot,1,0
313,424,PT06M34.00S,3,1610612764,WAS,204001,Porzingis,K. Porzingis,0,0,0,,0,,,0,v,Porzingis REBOUND (Off:1 Def:6),Rebound,Unknown,1,0
314,425,PT06M33.00S,3,1610612764,WAS,204001,Porzingis,K. Porzingis,-140,228,27,Missed,1,,,0,v,MISS Porzingis 27' 3PT Jump Shot,Missed Shot,Jump Shot,1,0
315,426,PT06M27.00S,3,1610612748,MIA,1628997,Martin,C. Martin,0,0,0,,0,,,0,h,Martin REBOUND (Off:1 Def:5),Rebound,Unknown,1,0
316,427,PT06M25.00S,3,1610612764,WAS,1630692,Goodwin,J. Goodwin,0,0,0,,0,,,0,v,Goodwin P.FOUL (P2.T1) (M.Boland),Foul,Personal,1,0
317,429,PT06M13.00S,3,1610612748,MIA,1628997,Martin,C. Martin,18,252,25,Missed,1,,,0,h,MISS Martin 25' 3PT Jump Shot,Missed Shot,Jump Shot,1,0
318,430,PT06M12.00S,3,1610612748,MIA,1628997,Martin,C. Martin,0,0,0,,0,,,0,h,Martin REBOUND (Off:2 Def:5),Rebound,Unknown,1,0
319,431,PT06M10.00S,3,1610612748,MIA,1628997,Martin,C. Martin,-234,88,25,Made,1,73,59,132,h,Martin 25' 3PT Jump Shot (12 PTS),Made Shot,Jump Shot,1,0
320,432,PT05M51.00S,3,1610612764,WAS,1630692,Goodwin,J. Goodwin,192,165,25,Made,1,73,62,135,v,Goodwin 25' 3PT Jump Shot (6 PTS) (Porzingis 2 AST),Made Shot,Jump Shot,1,0
321,434,PT05M32.00S,3,1610612748,MIA,1628389,Adebayo,B. Adebayo,-12,85,9,Made,1,75,62,137,h,Adebayo 9' Hook Shot (13 PTS),Made Shot,Hook Shot,1,0
322,435,PT05M19.00S,3,1610612764,WAS,204001,Porzingis,K. Porzingis,-15,262,26,Made,1,75,65,140,v,Porzingis 26' 3PT Jump Shot (19 PTS) (Goodwin 3 AST),Made Shot,Jump Shot,1,0
323,437,PT04M59.00S,3,1610612748,MIA,1629312,Highsmith,H. Highsmith,239,25,24,Missed,1,,,0,h,MISS Highsmith 24' 3PT Jump Shot,Missed Shot,Jump Shot,1,0
324,438,PT04M55.00S,3,1610612764,WAS,1630166,Avdija,D. Avdija,0,0,0,,0,,,0,v,Avdija REBOUND (Off:0 Def:3),Rebound,Unknown,1,0
325,439,PT04M46.00S,3,1610612764,WAS,1628398,Kuzma,K. Kuzma,230,-10,0,Missed,1,,,0,v,MISS Kuzma 3PT Jump Shot,Missed Shot,Jump Shot,1,0
326,440,PT04M45.00S,3,0,,1610612764,,,0,0,0,,0,,,0,v,Wizards Rebound,Rebound,Unknown,1,0
327,441,PT04M45.00S,3,1610612748,MIA,200768,Lowry,K. Lowry,0,0,0,,0,,,0,h,Lowry L.B.FOUL (P5.T4) (B.Taylor),Foul,Loose Ball,1,0
328,449,PT04M45.00S,3,1610612748,MIA,200768,Lowry,K. Lowry,0,0,0,,0,,,0,h,SUB: Vincent FOR Lowry,Substitution,,0,0
329,443,PT04M35.00S,3,1610612764,WAS,1630692,Goodwin,J. Goodwin,-9,11,1,Made,1,75,67,142,v,Goodwin 1' Driving Layup (8 PTS),Made Shot,Driving Layup Shot,1,0
330,444,PT04M14.00S,3,1610612748,MIA,1628389,Adebayo,B. Adebayo,5,17,2,Missed,1,,,0,h,MISS Adebayo 2' Driving Layup,Missed Shot,Driving Layup Shot,1,0
331,445,PT04M11.00S,3,1610612764,WAS,1628398,Kuzma,K. Kuzma,0,0,0,,0,,,0,v,Kuzma REBOUND (Off:0 Def:5),Rebound,Unknown,1,0
332,446,PT04M11.00S,3,1610612764,WAS,1630166,Avdija,D. Avdija,0,0,0,,0,,,0,v,Avdija Offensive Charge Foul (P3) (S.Wall),Foul,Offensive Charge,1,0
333,448,PT04M11.00S,3,1610612764,WAS,1630166,Avdija,D. Avdija,0,0,0,,0,,,0,v,Avdija Offensive Foul Turnover (P2.T10),Turnover,Offensive Foul Turnover,1,0
334,451,PT03M47.00S,3,1610612748,MIA,1628997,Martin,C. Martin,227,120,26,Made,1,78,67,145,h,Martin 26' 3PT Step Back Jump Shot (15 PTS),Made Shot,Step Back Jump shot,1,0
335,452,PT03M45.00S,3,0,,1610612764,,,0,0,0,,0,,,0,v,Wizards Timeout: Regular (Reg.3 Short 0),Timeout,Regular,0,0
336,453,PT03M45.00S,3,1610612764,WAS,1630692,Goodwin,J. Goodwin,0,0,0,,0,,,0,v,SUB: Gill FOR Goodwin,Substitution,,0,0
337,454,PT03M45.00S,3,1610612764,WAS,1628398,Kuzma,K. Kuzma,0,0,0,,0,,,0,v,SUB: Barton FOR Kuzma,Substitution,,0,0
338,457,PT03M29.00S,3,1610612764,WAS,1630166,Avdija,D. Avdija,26,17,3,Missed,1,,,0,v,MISS Avdija 3' Cutting Layup Shot,Missed Shot,Cutting Layup Shot,1,0
339,457,PT03M29.00S,3,1610612748,MIA,1628997,Martin,C. Martin,0,0,0,,0,,,0,h,Martin BLOCK (1 BLK),,,1,0
340,459,PT03M25.00S,3,1610612748,MIA,1628389,Adebayo,B. Adebayo,0,0,0,,0,,,0,h,Adebayo REBOUND (Off:4 Def:5),Rebound,Unknown,1,0
341,460,PT03M23.00S,3,1610612748,MIA,1628997,Martin,C. Martin,-234,103,26,Missed,1,,,0,h,MISS Martin 26' 3PT Jump Shot,Missed Shot,Jump Shot,1,0
342,461,PT03M19.00S,3,1610612748,MIA,1628997,Martin,C. Martin,0,0,0,,0,,,0,h,Martin REBOUND (Off:3 Def:5),Rebound,Unknown,1,0
343,462,PT03M07.00S,3,0,,1610612748,,,0,0,0,,0,,,0,h,HEAT Turnover: Shot Clock (T#9),Turnover,Shot Clock Turnover,1,0
344,463,PT02M58.00S,3,1610612764,WAS,204001,Porzingis,K. Porzingis,-16,13,2,Missed,1,,,0,v,MISS Porzingis 2' Cutting Layup Shot,Missed Shot,Cutting Layup Shot,1,0
345,464,PT02M55.00S,3,1610612748,MIA,1628389,Adebayo,B. Adebayo,0,0,0,,0,,,0,h,Adebayo REBOUND (Off:4 Def:6),Rebound,Unknown,1,0
346,465,PT02M39.00S,3,1610612748,MIA,1629639,Herro,T. Herro,0,0,0,,0,,,0,h,Herro Lost Ball Turnover (P2.T10),Turnover,Lost Ball,1,0
347,465,PT02M39.00S,3,1610612764,WAS,203115,Barton,W. Barton,0,0,0,,0,,,0,v,Barton STEAL (1 STL),,,1,0
348,467,PT02M35.00S,3,1610612764,WAS,203115,Barton,W. Barton,-2,10,1,Made,1,78,69,147,v,Barton 1' Running Dunk (6 PTS),Made Shot,Running Dunk Shot,1,0
349,468,PT02M22.00S,3,1610612748,MIA,1628389,Adebayo,B. Adebayo,-1,22,2,Missed,1,,,0,h,MISS Adebayo 2' Driving Layup,Missed Shot,Driving Layup Shot,1,0
350,468,PT02M22.00S,3,1610612764,WAS,1630264,Gill,A. Gill,0,0,0,,0,,,0,v,Gill BLOCK (1 BLK),,,1,0
351,470,PT02M19.00S,3,1610612764,WAS,1630264,Gill,A. Gill,0,0,0,,0,,,0,v,Gill REBOUND (Off:0 Def:1),Rebound,Unknown,1,0
352,471,PT02M16.00S,3,1610612764,WAS,1630557,Kispert,C. Kispert,-18,-14,2,Made,1,78,71,149,v,Kispert 2' Reverse Layup (5 PTS) (Barton 4 AST),Made Shot,Reverse Layup Shot,1,0
353,473,PT01M58.00S,3,1610612748,MIA,1629639,Herro,T. Herro,195,17,20,Missed,1,,,0,h,MISS Herro 20' Pullup Jump Shot,Missed Shot,Pullup Jump shot,1,0
354,474,PT01M58.00S,3,1610612764,WAS,204001,Porzingis,K. Porzingis,0,0,0,,0,,,0,v,Porzingis REBOUND (Off:1 Def:7),Rebound,Unknown,1,0
355,475,PT01M37.00S,3,1610612764,WAS,1630557,Kispert,C. Kispert,-195,184,27,Made,1,78,74,152,v,Kispert 27' 3PT Jump Shot (8 PTS) (Avdija 6 AST),Made Shot,Jump Shot,1,0
356,477,PT01M35.00S,3,0,,1610612748,,,0,0,0,,0,,,0,h,HEAT Timeout: Regular (Full 4 Short 0),Timeout,Regular,0,0
357,478,PT01M35.00S,3,1610612748,MIA,1628389,Adebayo,B. Adebayo,0,0,0,,0,,,0,h,SUB: Cain FOR Adebayo,Substitution,,0,0
358,479,PT01M35.00S,3,1610612748,MIA,1629639,Herro,T. Herro,0,0,0,,0,,,0,h,SUB: Dedmon FOR Herro,Substitution,,0,0
359,482,PT01M23.00S,3,1610612748,MIA,203473,Dedmon,D. Dedmon,-7,19,2,Made,1,80,74,154,h,Dedmon 2' Cutting Layup Shot (6 PTS) (Vincent 3 AST),Made Shot,Cutting Layup Shot,1,0
360,484,PT01M23.00S,3,1610612764,WAS,204001,Porzingis,K. Porzingis,0,0,0,,0,,,0,v,Porzingis S.FOUL (P4.T2) (S.Wall),Foul,Shooting,1,0
361,486,PT01M23.00S,3,1610612764,WAS,204001,Porzingis,K. Porzingis,0,0,0,,0,,,0,v,SUB: Gibson FOR Porzingis,Substitution,,0,0
362,488,PT01M23.00S,3,1610612748,MIA,203473,Dedmon,D. Dedmon,0,0,0,,0,81,74,155,h,Dedmon Free Throw 1 of 1 (7 PTS),Free Throw,Free Throw 1 of 1,1,0
363,489,PT01M06.00S,3,1610612748,MIA,1628997,Martin,C. Martin,0,0,0,,0,,,0,h,Martin P.FOUL (P1.PN) (B.Taylor),Foul,Personal,1,0
364,491,PT01M06.00S,3,1610612764,WAS,203115,Barton,W. Barton,0,0,0,,0,81,75,156,v,Barton Free Throw 1 of 2 (7 PTS),Free Throw,Free Throw 1 of 2,1,0
365,492,PT01M06.00S,3,1610612764,WAS,1630166,Avdija,D. Avdija,0,0,0,,0,,,0,v,SUB: Kuzma FOR Avdija,Substitution,,0,0
366,494,PT01M06.00S,3,1610612764,WAS,203115,Barton,W. Barton,0,0,0,,0,,,0,v,MISS Barton Free Throw 2 of 2,Free Throw,Free Throw 2 of 2,1,0
367,495,PT01M03.00S,3,1610612748,MIA,1629312,Highsmith,H. Highsmith,0,0,0,,0,,,0,h,Highsmith REBOUND (Off:0 Def:7),Rebound,Unknown,1,0
368,496,PT00M51.90S,3,1610612748,MIA,203473,Dedmon,D. Dedmon,6,21,2,Made,1,83,75,158,h,Dedmon 2' Cutting Layup Shot (9 PTS) (Vincent 4 AST),Made Shot,Cutting Layup Shot,1,0
369,498,PT00M40.00S,3,1610612764,WAS,201959,Gibson,T. Gibson,-100,104,14,Made,1,83,77,160,v,Gibson 14' Turnaround Jump Shot (2 PTS) (Barton 5 AST),Made Shot,Turnaround Jump Shot,1,0
370,500,PT00M29.80S,3,1610612748,MIA,1629216,Vincent,G. Vincent,-222,140,26,Missed,1,,,0,h,MISS Vincent 26' 3PT Jump Shot,Missed Shot,Jump Shot,1,0
371,501,PT00M27.40S,3,1610612764,WAS,1628398,Kuzma,K. Kuzma,0,0,0,,0,,,0,v,Kuzma REBOUND (Off:0 Def:6),Rebound,Unknown,1,0
372,502,PT00M13.30S,3,1610612764,WAS,203115,Barton,W. Barton,-176,188,26,Made,1,83,80,163,v,Barton 26' 3PT Pullup Jump Shot (10 PTS),Made Shot,Pullup Jump shot,1,0
373,503,PT00M02.10S,3,1610612748,MIA,1629216,Vincent,G. Vincent,-9,103,10,Missed,1,,,0,h,MISS Vincent 10' Driving Floating Jump Shot,Missed Shot,Driving Floating Jump Shot,1,0
374,504,PT00M01.00S,3,0,,1610612748,,,0,0,0,,0,,,0,h,HEAT Rebound,Rebound,Unknown,1,0
375,505,PT00M00.00S,3,0,,0,,,0,0,0,,0,83,80,163,,End of 3rd Period (9:25 PM EST),period,end,1,0
376,510,PT12M00.00S,4,0,,0,,,0,0,0,,0,83,80,163,,Start of 4th Period (9:28 PM EST),period,start,0,0
377,511,PT11M39.00S,4,1610612764,WAS,201959,Gibson,T. Gibson,86,127,15,Made,1,83,82,165,v,Gibson 15' Pullup Jump Shot (4 PTS),Made Shot,Pullup Jump shot,1,0
378,512,PT11M27.00S,4,1610612764,WAS,1628398,Kuzma,K. Kuzma,0,0,0,,0,,,0,v,Kuzma P.FOUL (P1.T1) (M.Boland),Foul,Personal,1,0
379,514,PT11M18.00S,4,1610612748,MIA,1631288,Cain,J. Cain,0,0,0,,0,,,0,h,Cain Bad Pass Turnover (P1.T11),Turnover,Bad Pass,1,0
380,514,PT11M18.00S,4,1610612764,WAS,1630264,Gill,A. Gill,0,0,0,,0,,,0,v,Gill STEAL (1 STL),,,1,0
381,516,PT11M13.00S,4,1610612764,WAS,203115,Barton,W. Barton,13,6,1,Missed,1,,,0,v,MISS Barton 1' Driving Layup,Missed Shot,Driving Layup Shot,1,0
382,517,PT11M13.00S,4,0,,1610612748,,,0,0,0,,0,,,0,h,HEAT Rebound,Rebound,Unknown,1,0
383,518,PT11M13.00S,4,1610612764,WAS,1630264,Gill,A. Gill,0,0,0,,0,,,0,v,Gill L.B.FOUL (P2.T2) (S.Wall),Foul,Loose Ball,1,0
384,520,PT10M51.00S,4,1610612748,MIA,1628997,Martin,C. Martin,-199,145,25,Made,1,86,82,168,h,Martin 25' 3PT Jump Bank Shot (18 PTS),Made Shot,Jump Bank Shot,1,0
385,521,PT10M35.00S,4,1610612764,WAS,1628398,Kuzma,K. Kuzma,25,8,3,Made,1,86,84,170,v,Kuzma 3' Driving Layup (19 PTS) (Avdija 7 AST),Made Shot,Driving Layup Shot,1,0
386,522,PT10M25.00S,4,1610612748,MIA,1629639,Herro,T. Herro,157,236,28,Made,1,89,84,173,h,Herro 28' 3PT Pullup Jump Shot (8 PTS),Made Shot,Pullup Jump shot,1,0
387,524,PT10M07.00S,4,1610612764,WAS,1628398,Kuzma,K. Kuzma,-1,7,1,Made,1,89,86,175,v,Kuzma 1' Driving Layup (21 PTS),Made Shot,Driving Layup Shot,1,0
388,525,PT10M00.00S,4,1610612748,MIA,1629639,Herro,T. Herro,194,178,26,Missed,1,,,0,h,MISS Herro 26' 3PT Pullup Jump Shot,Missed Shot,Pullup Jump shot,1,0
389,526,PT10M00.00S,4,0,,1610612764,,,0,0,0,,0,,,0,v,Wizards Rebound,Rebound,Unknown,1,0
390,528,PT10M00.00S,4,1610612748,MIA,1631288,Cain,J. Cain,0,0,0,,0,,,0,h,Cain L.B.FOUL (P2.T1) (S.Wall),Foul,Loose Ball,1,0
391,530,PT09M48.00S,4,1610612764,WAS,201959,Gibson,T. Gibson,-49,111,12,Missed,1,,,0,v,MISS Gibson 12' Jump Shot,Missed Shot,Jump Shot,1,0
392,531,PT09M47.00S,4,0,,1610612748,,,0,0,0,,0,,,0,h,HEAT Rebound,Rebound,Unknown,1,0
393,533,PT09M32.00S,4,1610612748,MIA,1629639,Herro,T. Herro,-16,40,4,Missed,1,,,0,h,MISS Herro 4' Driving Layup,Missed Shot,Driving Layup Shot,1,0
394,533,PT09M32.00S,4,1610612764,WAS,1630264,Gill,A. Gill,0,0,0,,0,,,0,v,Gill BLOCK (2 BLK),,,1,0
395,535,PT09M29.00S,4,1610612764,WAS,203115,Barton,W. Barton,0,0,0,,0,,,0,v,Barton REBOUND (Off:0 Def:6),Rebound,Unknown,1,0
396,536,PT09M27.00S,4,1610612764,WAS,203115,Barton,W. Barton,17,7,2,Missed,1,,,0,v,MISS Barton 2' Running Layup,Missed Shot,Running Layup Shot,1,0
397,537,PT09M23.00S,4,1610612764,WAS,1630166,Avdija,D. Avdija,0,0,0,,0,,,0,v,Avdija REBOUND (Off:1 Def:3),Rebound,Unknown,1,0
398,538,PT09M23.00S,4,1610612764,WAS,1630166,Avdija,D. Avdija,0,0,0,Missed,1,,,0,v,MISS Avdija Tip Layup Shot,Missed Shot,Tip Layup Shot,1,0
399,539,PT09M22.00S,4,1610612764,WAS,1630166,Avdija,D. Avdija,0,0,0,,0,,,0,v,Avdija REBOUND (Off:2 Def:3),Rebound,Unknown,1,0
400,540,PT09M19.00S,4,1610612764,WAS,1630264,Gill,A. Gill,21,25,3,Made,1,89,88,177,v,Gill 3' Cutting Layup Shot (2 PTS) (Avdija 8 AST),Made Shot,Cutting Layup Shot,1,0
401,541,PT09M06.00S,4,1610612748,MIA,1629312,Highsmith,H. Highsmith,-233,79,25,Made,1,92,88,180,h,Highsmith 25' 3PT Jump Shot (5 PTS) (Martin 4 AST),Made Shot,Jump Shot,1,0
402,544,PT08M44.00S,4,1610612764,WAS,1628398,Kuzma,K. Kuzma,93,-6,9,Made,1,92,90,182,v,Kuzma 9' Driving Floating Jump Shot (23 PTS) (Barton 6 AST),Made Shot,Driving Floating Jump Shot,1,0
403,546,PT08M28.00S,4,1610612748,MIA,1629639,Herro,T. Herro,0,0,0,,0,,,0,h,Herro Traveling Turnover (P3.T12),Turnover,Traveling,1,0
404,547,PT08M28.00S,4,1610612764,WAS,201959,Gibson,T. Gibson,0,0,0,,0,,,0,v,SUB: Porzingis FOR Gibson,Substitution,,0,0
405,549,PT08M18.00S,4,1610612764,WAS,203115,Barton,W. Barton,162,195,25,Made,1,92,93,185,v,Barton 25' 3PT Jump Shot (13 PTS) (Porzingis 3 AST),Made Shot,Jump Shot,1,0
406,551,PT07M55.00S,4,1610612748,MIA,1628997,Martin,C. Martin,121,154,20,Made,1,94,93,187,h,Martin 20' Jump Shot (20 PTS),Made Shot,Jump Shot,1,0
407,552,PT07M38.00S,4,1610612764,WAS,1628398,Kuzma,K. Kuzma,-234,95,25,Made,1,94,96,190,v,Kuzma 25' 3PT Jump Shot (26 PTS) (Porzingis 4 AST),Made Shot,Jump Shot,1,0
408,554,PT07M24.00S,4,1610612748,MIA,1629639,Herro,T. Herro,195,193,27,Made,1,97,96,193,h,Herro 27' 3PT Jump Shot (11 PTS),Made Shot,Jump Shot,1,0
409,555,PT07M17.00S,4,1610612764,WAS,1628398,Kuzma,K. Kuzma,-9,11,1,Made,1,97,98,195,v,Kuzma 1' Driving Layup (28 PTS),Made Shot,Driving Layup Shot,1,0
410,556,PT07M17.00S,4,1610612748,MIA,1631288,Cain,J. Cain,0,0,0,,0,,,0,h,Cain S.FOUL (P3.T2) (B.Taylor),Foul,Shooting,1,0
411,558,PT07M17.00S,4,1610612748,MIA,203473,Dedmon,D. Dedmon,0,0,0,,0,,,0,h,SUB: Adebayo FOR Dedmon,Substitution,,0,0
412,560,PT07M17.00S,4,1610612748,MIA,1628997,Martin,C. Martin,0,0,0,,0,,,0,h,SUB: Lowry FOR Martin,Substitution,,0,0
413,562,PT07M17.00S,4,1610612764,WAS,1628398,Kuzma,K. Kuzma,0,0,0,,0,,,0,v,MISS Kuzma Free Throw 1 of 1,Free Throw,Free Throw 1 of 1,1,0
414,563,PT07M14.00S,4,1610612748,MIA,1629639,Herro,T. Herro,0,0,0,,0,,,0,h,Herro REBOUND (Off:0 Def:2),Rebound,Unknown,1,0
415,564,PT07M02.00S,4,1610612748,MIA,1628389,Adebayo,B. Adebayo,-7,15,2,Made,1,99,98,197,h,Adebayo 2' Driving Dunk (15 PTS),Made Shot,Driving Dunk Shot,1,0
416,565,PT07M02.00S,4,1610612764,WAS,203115,Barton,W. Barton,0,0,0,,0,,,0,v,Barton S.FOUL (P2.T3) (B.Taylor),Foul,Shooting,1,0
417,634,PT07M02.00S,4,0,,551,,,0,0,0,,0,99,98,197,,Instant Replay4th Period (9:36 PM EST),Instant Replay                          ,Replay Center,1,0
418,567,PT07M02.00S,4,1610612748,MIA,1628389,Adebayo,B. Adebayo,0,0,0,,0,,,0,h,MISS Adebayo Free Throw 1 of 1,Free Throw,Free Throw 1 of 1,1,0
419,568,PT06M59.00S,4,1610612764,WAS,1630166,Avdija,D. Avdija,0,0,0,,0,,,0,v,Avdija REBOUND (Off:2 Def:4),Rebound,Unknown,1,0
420,569,PT06M44.00S,4,1610612764,WAS,1630264,Gill,A. Gill,0,0,0,,0,,,0,v,Gill Out of Bounds - Bad Pass Turnover Turnover (P2.T11),Turnover,Out of Bounds - Bad Pass Turnover,1,0
421,591,PT06M44.00S,4,1610612764,WAS,1630264,Gill,A. Gill,0,0,0,,0,,,0,v,SUB: Kispert FOR Gill,Substitution,,0,0
422,573,PT06M20.00S,4,1610612748,MIA,1631288,Cain,J. Cain,238,59,25,Missed,1,,,0,h,MISS Cain 25' 3PT Jump Shot,Missed Shot,Jump Shot,1,0
423,574,PT06M17.00S,4,1610612764,WAS,1628398,Kuzma,K. Kuzma,0,0,0,,0,,,0,v,Kuzma REBOUND (Off:0 Def:7),Rebound,Unknown,1,0
424,575,PT06M11.00S,4,1610612764,WAS,1630166,Avdija,D. Avdija,0,0,0,,0,,,0,v,Avdija Discontinue Dribble Turnover (P3.T12),Turnover,Discontinue Dribble,1,0
425,576,PT06M11.00S,4,1610612748,MIA,1631288,Cain,J. Cain,0,0,0,,0,,,0,h,SUB: Martin FOR Cain,Substitution,,0,0
426,578,PT05M53.00S,4,1610612748,MIA,200768,Lowry,K. Lowry,-18,13,2,Missed,1,,,0,h,MISS Lowry 2' Driving Layup,Missed Shot,Driving Layup Shot,1,0
427,579,PT05M52.00S,4,1610612748,MIA,200768,Lowry,K. Lowry,0,0,0,,0,,,0,h,Lowry REBOUND (Off:2 Def:3),Rebound,Unknown,1,0
428,580,PT05M42.00S,4,1610612748,MIA,1628389,Adebayo,B. Adebayo,-93,-4,9,Missed,1,,,0,h,MISS Adebayo 9' Jump Shot,Missed Shot,Jump Shot,1,0
429,581,PT05M39.00S,4,1610612764,WAS,204001,Porzingis,K. Porzingis,0,0,0,,0,,,0,v,Porzingis REBOUND (Off:1 Def:8),Rebound,Unknown,1,0
430,582,PT05M32.00S,4,1610612764,WAS,1630166,Avdija,D. Avdija,0,0,0,,0,,,0,v,Avdija Bad Pass Turnover (P4.T13),Turnover,Bad Pass,1,0
431,582,PT05M32.00S,4,1610612748,MIA,1629312,Highsmith,H. Highsmith,0,0,0,,0,,,0,h,Highsmith STEAL (1 STL),,,1,0
432,584,PT05M25.00S,4,1610612764,WAS,1630166,Avdija,D. Avdija,0,0,0,,0,,,0,v,Avdija S.FOUL (P4.T4) (S.Wall),Foul,Shooting,1,0
433,586,PT05M25.00S,4,1610612748,MIA,200768,Lowry,K. Lowry,0,0,0,,0,100,98,198,h,Lowry Free Throw 1 of 2 (25 PTS),Free Throw,Free Throw 1 of 2,1,0
434,587,PT05M25.00S,4,0,,1610612764,,,0,0,0,,0,,,0,v,Wizards Timeout: Regular (Reg.4 Short 0),Timeout,Regular,0,0
435,590,PT05M25.00S,4,1610612748,MIA,200768,Lowry,K. Lowry,0,0,0,,0,101,98,199,h,Lowry Free Throw 2 of 2 (26 PTS),Free Throw,Free Throw 2 of 2,1,0
436,592,PT05M09.00S,4,1610612764,WAS,1628398,Kuzma,K. Kuzma,-100,236,26,Missed,1,,,0,v,MISS Kuzma 26' 3PT Jump Shot,Missed Shot,Jump Shot,1,0
437,593,PT05M07.00S,4,1610612748,MIA,1628389,Adebayo,B. Adebayo,0,0,0,,0,,,0,h,Adebayo REBOUND (Off:4 Def:7),Rebound,Unknown,1,0
438,594,PT05M02.00S,4,1610612748,MIA,200768,Lowry,K. Lowry,-23,14,3,Missed,1,,,0,h,MISS Lowry 3' Running Layup,Missed Shot,Running Layup Shot,1,0
439,594,PT05M02.00S,4,1610612764,WAS,1630166,Avdija,D. Avdija,0,0,0,,0,,,0,v,Avdija BLOCK (2 BLK),,,1,0
440,596,PT04M58.00S,4,1610612764,WAS,203115,Barton,W. Barton,0,0,0,,0,,,0,v,Barton REBOUND (Off:0 Def:7),Rebound,Unknown,1,0
441,597,PT04M47.00S,4,1610612764,WAS,204001,Porzingis,K. Porzingis,-56,12,6,Missed,1,,,0,v,MISS Porzingis 6' Layup,Missed Shot,Layup Shot,1,0
442,598,PT04M47.00S,4,0,,1610612764,,,0,0,0,,0,,,0,v,Wizards Rebound,Rebound,Unknown,1,0
443,600,PT04M31.00S,4,1610612764,WAS,1630557,Kispert,C. Kispert,-51,130,14,Missed,1,,,0,v,MISS Kispert 14' Jump Shot,Missed Shot,Jump Shot,1,0
444,601,PT04M29.00S,4,1610612764,WAS,1630557,Kispert,C. Kispert,0,0,0,,0,,,0,v,Kispert REBOUND (Off:1 Def:1),Rebound,Unknown,1,0
445,602,PT04M26.00S,4,1610612764,WAS,1628398,Kuzma,K. Kuzma,223,2,0,Missed,1,,,0,v,MISS Kuzma 3PT Jump Shot,Missed Shot,Jump Shot,1,0
446,603,PT04M22.00S,4,1610612748,MIA,1629639,Herro,T. Herro,0,0,0,,0,,,0,h,Herro REBOUND (Off:0 Def:3),Rebound,Unknown,1,0
447,604,PT04M00.00S,4,1610612748,MIA,1629639,Herro,T. Herro,-208,156,26,Made,1,104,98,202,h,Herro 26' 3PT Step Back Jump Shot (14 PTS),Made Shot,Step Back Jump shot,1,0
448,605,PT03M47.00S,4,1610612764,WAS,1628398,Kuzma,K. Kuzma,37,17,4,Made,1,104,100,204,v,Kuzma 4' Jump Bank Shot (30 PTS) (Avdija 9 AST),Made Shot,Jump Bank Shot,1,0
449,607,PT03M47.00S,4,1610612748,MIA,1628389,Adebayo,B. Adebayo,0,0,0,,0,,,0,h,Adebayo S.FOUL (P4.T3) (S.Wall),Foul,Shooting,1,0
450,609,PT03M47.00S,4,1610612764,WAS,1628398,Kuzma,K. Kuzma,0,0,0,,0,104,101,205,v,Kuzma Free Throw 1 of 1 (31 PTS),Free Throw,Free Throw 1 of 1,1,0
451,610,PT03M29.00S,4,1610612748,MIA,1629639,Herro,T. Herro,6,255,26,Made,1,107,101,208,h,Herro 26' 3PT Jump Shot (17 PTS) (Adebayo 2 AST),Made Shot,Jump Shot,1,0
452,612,PT03M28.00S,4,0,,1610612764,,,0,0,0,,0,,,0,v,Wizards Timeout: Regular (Reg.5 Short 0),Timeout,Regular,0,0
453,613,PT03M10.00S,4,1610612764,WAS,204001,Porzingis,K. Porzingis,93,57,11,Made,1,107,103,210,v,Porzingis 11' Jump Bank Shot (21 PTS) (Avdija 10 AST),Made Shot,Jump Bank Shot,1,0
454,615,PT02M55.00S,4,1610612748,MIA,1629639,Herro,T. Herro,-229,61,24,Missed,1,,,0,h,MISS Herro 24' 3PT Step Back Jump Shot,Missed Shot,Step Back Jump shot,1,0
455,616,PT02M49.00S,4,1610612764,WAS,1630166,Avdija,D. Avdija,0,0,0,,0,,,0,v,Avdija REBOUND (Off:2 Def:5),Rebound,Unknown,1,0
456,617,PT02M39.00S,4,1610612748,MIA,1628997,Martin,C. Martin,0,0,0,,0,,,0,h,Martin P.FOUL (P2.T4) (B.Taylor),Foul,Personal,1,0
457,619,PT02M30.00S,4,1610612764,WAS,203115,Barton,W. Barton,-230,100,25,Missed,1,,,0,v,MISS Barton 25' 3PT Jump Shot,Missed Shot,Jump Shot,1,0
458,620,PT02M27.00S,4,1610612748,MIA,1629312,Highsmith,H. Highsmith,0,0,0,,0,,,0,h,Highsmith REBOUND (Off:0 Def:8),Rebound,Unknown,1,0
459,621,PT02M20.00S,4,1610612748,MIA,200768,Lowry,K. Lowry,0,0,0,,0,,,0,h,Lowry Bad Pass Turnover (P4.T13),Turnover,Bad Pass,1,0
460,621,PT02M20.00S,4,1610612764,WAS,1628398,Kuzma,K. Kuzma,0,0,0,,0,,,0,v,Kuzma STEAL (1 STL),,,1,0
461,623,PT02M15.00S,4,1610612764,WAS,1630557,Kispert,C. Kispert,-243,13,24,Missed,1,,,0,v,MISS Kispert 24' 3PT Jump Shot,Missed Shot,Jump Shot,1,0
462,624,PT02M11.00S,4,1610612748,MIA,1629639,Herro,T. Herro,0,0,0,,0,,,0,h,Herro REBOUND (Off:0 Def:4),Rebound,Unknown,1,0
463,625,PT01M54.00S,4,1610612748,MIA,1628997,Martin,C. Martin,-2,11,1,Made,1,109,103,212,h,Martin 1' Driving Layup (22 PTS) (Herro 3 AST),Made Shot,Driving Layup Shot,1,0
464,627,PT01M43.00S,4,1610612764,WAS,1628398,Kuzma,K. Kuzma,9,16,2,Made,1,109,105,214,v,Kuzma 2' Driving Layup (33 PTS) (Barton 7 AST),Made Shot,Driving Layup Shot,1,0
465,629,PT01M22.00S,4,1610612748,MIA,1628997,Martin,C. Martin,-116,229,26,Missed,1,,,0,h,MISS Martin 26' 3PT Jump Shot,Missed Shot,Jump Shot,1,0
466,630,PT01M20.00S,4,1610612764,WAS,1630166,Avdija,D. Avdija,0,0,0,,0,,,0,v,Avdija REBOUND (Off:2 Def:6),Rebound,Unknown,1,0
467,633,PT01M16.00S,4,0,,1610612748,,,0,0,0,,0,,,0,h,HEAT Timeout: Coach Challenge (Full 4 Short 0),Timeout,Coach Challenge,0,0
468,657,PT01M16.00S,4,0,,0,,,0,0,0,,0,109,105,214,,Instant Replay4th Period (9:54 PM EST),Instant Replay,Coach Challenge Overturn Ruling,0,0
469,636,PT01M16.00S,4,1610612748,MIA,1628389,Adebayo,B. Adebayo,0,0,0,,0,,,0,h,Jump Ball Adebayo vs. Porzingis: Tip to Herro,Jump Ball,,1,0
470,639,PT01M16.00S,4,1610612764,WAS,204001,Porzingis,K. Porzingis,0,0,0,,0,,,0,v,Porzingis Lost Ball Turnover (P3.T14),Turnover,Lost Ball,1,0
471,639,PT01M16.00S,4,1610612748,MIA,1628389,Adebayo,B. Adebayo,0,0,0,,0,,,0,h,Adebayo STEAL (2 STL),,,1,0
472,641,PT00M51.40S,4,1610612748,MIA,1629639,Herro,T. Herro,100,252,27,Missed,1,,,0,h,MISS Herro 27' 3PT Jump Shot,Missed Shot,Jump Shot,1,0
473,642,PT00M50.90S,4,1610612748,MIA,1628997,Martin,C. Martin,0,0,0,,0,,,0,h,Martin REBOUND (Off:4 Def:5),Rebound,Unknown,1,0
474,643,PT00M50.90S,4,1610612748,MIA,1628997,Martin,C. Martin,-12,19,2,Made,1,111,105,216,h,Martin 2' Reverse Layup (24 PTS),Made Shot,Reverse Layup Shot,1,0
475,644,PT00M43.20S,4,1610612764,WAS,204001,Porzingis,K. Porzingis,199,167,26,Missed,1,,,0,v,MISS Porzingis 26' 3PT Jump Shot,Missed Shot,Jump Shot,1,0
476,645,PT00M40.10S,4,1610612764,WAS,1630166,Avdija,D. Avdija,0,0,0,,0,,,0,v,Avdija REBOUND (Off:3 Def:6),Rebound,Unknown,1,0
477,646,PT00M37.10S,4,1610612764,WAS,1630557,Kispert,C. Kispert,230,29,0,Missed,1,,,0,v,MISS Kispert 3PT Jump Shot,Missed Shot,Jump Shot,1,0
478,647,PT00M33.20S,4,1610612748,MIA,1629639,Herro,T. Herro,0,0,0,,0,,,0,h,Herro REBOUND (Off:0 Def:5),Rebound,Unknown,1,0
479,648,PT00M25.80S,4,1610612764,WAS,204001,Porzingis,K. Porzingis,0,0,0,,0,,,0,v,Porzingis P.FOUL (P5.PN) (M.Boland),Foul,Personal,1,0
480,650,PT00M25.80S,4,1610612748,MIA,200768,Lowry,K. Lowry,0,0,0,,0,112,105,217,h,Lowry Free Throw 1 of 2 (27 PTS),Free Throw,Free Throw 1 of 2,1,0
481,651,PT00M25.80S,4,1610612748,MIA,200768,Lowry,K. Lowry,0,0,0,,0,113,105,218,h,Lowry Free Throw 2 of 2 (28 PTS),Free Throw,Free Throw 2 of 2,1,0
482,652,PT00M25.80S,4,0,,1610612764,,,0,0,0,,0,,,0,v,Wizards Timeout: Regular (Reg.6 Short 0),Timeout,Regular,0,0
483,653,PT00M21.40S,4,1610612764,WAS,204001,Porzingis,K. Porzingis,-132,232,27,Missed,1,,,0,v,MISS Porzingis 27' 3PT Jump Shot,Missed Shot,Jump Shot,1,0
484,654,PT00M17.50S,4,1610612748,MIA,200768,Lowry,K. Lowry,0,0,0,,0,,,0,h,Lowry REBOUND (Off:2 Def:4),Rebound,Unknown,1,0
485,655,PT00M00.00S,4,0,,0,,,0,0,0,,0,113,105,218,,End of 4th Period (9:59 PM EST),period,end,1,0
